[[-0.00726063 -0.00636485  0.00960777 ...,  0.0036337   0.00617455
  -0.02083006]
 [-0.00866448 -0.00759023  0.01098131 ...,  0.00429949  0.00661307
  -0.0211732 ]
 [-0.00086551 -0.00251877  0.00386953 ..., -0.00182236  0.00443671
  -0.01619715]
 ...,
 [ 0.00057149 -0.00642894  0.00824328 ...,  0.00046319  0.00442044
  -0.01544916]
 [-0.00418965 -0.00507683  0.01270176 ...,  0.00103169  0.00563015
  -0.0176474 ]
 [ 0.00079976 -0.00596364  0.00228135 ..., -0.00284324  0.00578024
  -0.00579911]]
[[-0.00186376 -0.00980239 -0.00193326 ...,  0.00071831 -0.00052513
  -0.01450541]
 [-0.00741149 -0.00686539  0.00904954 ...,  0.00368781  0.00651805
  -0.02137463]
 [-0.00590978 -0.00445354  0.0091736  ...,  0.00115294  0.00616255
  -0.01883233]
 ...,
 [ 0.00199116 -0.0018489   0.00145789 ..., -0.00075055 -0.00299068
  -0.01156655]
 [-0.00917956 -0.00772042  0.01055916 ...,  0.00415595  0.00645692
  -0.02182146]
 [-0.00807332 -0.00722947  0.00997997 ...,  0.00308701  0.00612687
  -0.02188344]]
[[-0.00877317 -0.00703549  0.01069548 ...,  0.00393872  0.00665115
  -0.02167851]
 [-0.00641426 -0.00650134  0.0086333  ...,  0.00446438  0.00764688
  -0.02147291]
 [-0.00198063 -0.00503532  0.00567926 ..., -0.00634886  0.00134903
  -0.0136546 ]
 ...,
 [-0.00030358 -0.00196216 -0.00199095 ..., -0.00359907  0.00566528
  -0.00741985]
 [-0.00562561 -0.00482881  0.01020315 ...,  0.00277429  0.00657042
  -0.0208679 ]
 [-0.00317736 -0.00145396  0.00604558 ..., -0.00098099  0.00422132
  -0.01585234]]
[[-0.00837544 -0.00736282  0.01127272 ...,  0.00392574  0.00622409
  -0.02190239]
 [-0.00438195  0.00327554  0.00407986 ...,  0.00123812  0.00383977
  -0.01468367]
 [-0.00092681 -0.00397198  0.00316325 ..., -0.00089609  0.00087594
  -0.00910685]
 ...,
 [-0.00121023 -0.00851388  0.00357234 ...,  0.00491292  0.00393757
  -0.00155679]
 [-0.00065286 -0.00235646  0.00157187 ..., -0.00175004  0.00235638
  -0.01682524]
 [-0.00892757 -0.0083089   0.01032061 ...,  0.00410924  0.0071459
  -0.02224487]]
[[-0.00627795 -0.00570275  0.00989033 ...,  0.00275798  0.00523859
  -0.01981522]
 [-0.00649813 -0.00565662  0.00777548 ...,  0.00258741  0.00698608
  -0.02058138]
 [ 0.00171507 -0.00546106  0.00481444 ..., -0.00138666 -0.00180109
  -0.00755811]
 ...,
 [-0.00858935 -0.0079977   0.00939762 ...,  0.00458417  0.00736329
  -0.02299319]
 [-0.00437717 -0.00537125  0.00910119 ...,  0.00111394  0.00579065
  -0.01908311]
 [-0.00725454 -0.00664899  0.01059713 ...,  0.00354513  0.0054777
  -0.02115859]]
[[-0.00537136 -0.00692827  0.00513537 ...,  0.00399402  0.00493951
  -0.01896049]
 [-0.00648269 -0.00832536  0.00852438 ...,  0.00367301  0.00767327
  -0.02130539]
 [-0.00358173 -0.00252292  0.00561254 ...,  0.00158412  0.00568442
  -0.01844755]
 ...,
 [-0.00450568 -0.00522077  0.00522607 ...,  0.00153268  0.00736864
  -0.0192283 ]
 [-0.00083372 -0.00022003  0.0070509  ...,  0.0007578   0.00468647
  -0.01452616]
 [-0.0062897  -0.00691514  0.00879646 ...,  0.00300484  0.0068043
  -0.02114229]]
[[-0.0056326  -0.00900439  0.00875564 ...,  0.00109874  0.00576007
  -0.02074061]
 [ 0.00064432 -0.00653068  0.00856011 ...,  0.0006948   0.00562176
  -0.01671398]
 [-0.00639137 -0.00601626  0.00927266 ...,  0.00365408  0.00589805
  -0.01984473]
 ...,
 [-0.00953514 -0.00869826  0.01035179 ...,  0.00451481  0.00647959
  -0.02317598]
 [ 0.00355965 -0.00133838 -0.00259973 ..., -0.0030047   0.00521646
  -0.00770129]
 [ 0.00782054 -0.00710529 -0.00167511 ...,  0.00116289 -0.0020635
  -0.00731051]]
[[  4.01300844e-04   2.43143331e-05  -8.56404193e-03 ...,   2.58815679e-04
   -9.79305245e-03  -2.87213549e-03]
 [ -8.33992288e-03  -8.19335878e-03   1.00268470e-02 ...,   3.86306550e-03
    5.86244976e-03  -2.27587726e-02]
 [ -9.04999860e-03  -8.04288872e-03   1.00183114e-02 ...,   4.08350769e-03
    6.69169286e-03  -2.35164911e-02]
 ...,
 [ -8.79899226e-03  -7.89998192e-03   9.75437555e-03 ...,   5.61729679e-03
    6.94450550e-03  -2.36260295e-02]
 [ -4.97333612e-03  -5.40014217e-03   6.81140972e-03 ...,   1.94594567e-03
    3.33657023e-03  -1.98756345e-02]
 [ -1.76078151e-03  -3.80800664e-03   6.23365911e-03 ...,  -5.07506914e-03
    1.39342842e-03  -1.54394219e-02]]
[[-0.01029105 -0.0096689   0.01050767 ...,  0.0056217   0.00638922
  -0.02394597]
 [-0.00415168 -0.00014992  0.00899929 ..., -0.00182264  0.00290136
  -0.0131228 ]
 [-0.01023392 -0.00953425  0.01027921 ...,  0.00510814  0.00637797
  -0.02432456]
 ...,
 [-0.01027312 -0.0095906   0.01058076 ...,  0.00546263  0.00631136
  -0.02389323]
 [-0.00791487 -0.00713972  0.00970851 ...,  0.0045106   0.00743599
  -0.02257997]
 [ 0.00601713 -0.00505846 -0.01181017 ..., -0.00234841  0.00174696
   0.00210544]]
[[-0.00790119 -0.00691677  0.00944863 ...,  0.00416318  0.00737578
  -0.02159356]
 [-0.00450526 -0.00703918  0.00764686 ...,  0.00250898  0.00694554
  -0.01961719]
 [-0.01002393 -0.0095985   0.00980798 ...,  0.0053441   0.0061829
  -0.02431131]
 ...,
 [-0.00616864 -0.0082762   0.00868439 ...,  0.00310757  0.0072977
  -0.02322011]
 [ 0.00336214 -0.00342027  0.00147096 ...,  0.00169871 -0.00274149
  -0.00376187]
 [-0.00827514 -0.00861994  0.00958739 ...,  0.00412913  0.0066066
  -0.02394904]]
[[-0.00942305 -0.00943671  0.0092323  ...,  0.00488655  0.00704451
  -0.02455424]
 [-0.00741436 -0.0083244   0.00909089 ...,  0.0048745   0.0070018
  -0.02336827]
 [-0.00610824 -0.00707217  0.00645439 ..., -0.00178101  0.00518468
  -0.01499482]
 ...,
 [-0.00961232 -0.00984505  0.00984925 ...,  0.00585965  0.00691774
  -0.02460939]
 [-0.00170563 -0.00326071 -0.00212616 ..., -0.00157196  0.00567179
  -0.01132178]
 [-0.0088967  -0.00857374  0.00878765 ...,  0.00548896  0.00684803
  -0.02422636]]
[[-0.00353839 -0.00785149  0.00628751 ...,  0.00137025  0.00818839
  -0.02255812]
 [-0.00889734 -0.00999885  0.01026519 ...,  0.00563098  0.00697572
  -0.02593077]
 [-0.00417989 -0.00758931  0.00554268 ..., -0.00086714  0.00235807
  -0.01608128]
 ...,
 [-0.00930117 -0.00816562  0.0090983  ...,  0.00456456  0.00664045
  -0.02445008]
 [-0.00843627 -0.00920601  0.00876055 ...,  0.00480779  0.00752742
  -0.02480745]
 [-0.00667037 -0.00735251  0.0083409  ...,  0.00350608  0.00643305
  -0.02413018]]
[[ -9.50564910e-03  -9.60978866e-03   9.41993389e-03 ...,   4.84543480e-03
    6.74274657e-03  -2.48570722e-02]
 [ -9.62585490e-03  -1.01436591e-02   8.64516851e-03 ...,   5.36007341e-03
    6.38765143e-03  -2.60302741e-02]
 [ -5.37584443e-03  -4.81327251e-03   4.31615300e-03 ...,   4.75415400e-05
    2.21007620e-03  -1.76350754e-02]
 ...,
 [ -9.95853543e-03  -1.07870745e-02   9.13690124e-03 ...,   6.76627783e-03
    6.82558119e-03  -2.59896796e-02]
 [ -8.47683381e-03  -8.44457466e-03   1.01447552e-02 ...,   5.25352359e-03
    6.50898740e-03  -2.49017142e-02]
 [ -9.10221692e-03  -9.83033050e-03   8.59891623e-03 ...,   5.47328964e-03
    7.00551178e-03  -2.60164440e-02]]
[[-0.01040665 -0.01063147  0.00952157 ...,  0.00557191  0.0062366
  -0.02662623]
 [-0.00472885 -0.00794954  0.00651142 ...,  0.00315412  0.0065832
  -0.0236284 ]
 [-0.00536583 -0.00840357  0.00812531 ...,  0.0043256   0.0060766
  -0.02539432]
 ...,
 [-0.00819741 -0.008618    0.00852511 ...,  0.0051904   0.00639844
  -0.02482932]
 [-0.00821269 -0.00848248  0.0080269  ...,  0.00412096  0.00747321
  -0.02586986]
 [-0.00989236 -0.01086313  0.00851421 ...,  0.00607607  0.00671071
  -0.02677857]]
[[  1.26520032e-03   4.01588576e-03  -2.82614637e-04 ...,  -3.51663725e-03
   -1.17848720e-03  -5.31451171e-03]
 [ -6.66091545e-03  -3.91427660e-03   6.20796299e-03 ...,   3.42087660e-05
    6.38142345e-04  -2.10361686e-02]
 [  2.26077624e-03   3.12676450e-04   4.65725968e-03 ...,   7.07001891e-05
   -4.50470776e-04  -5.14327502e-03]
 ...,
 [ -9.94118396e-03  -1.11591574e-02   8.57400149e-03 ...,   6.07106509e-03
    7.34981149e-03  -2.70386562e-02]
 [ -1.00073675e-02  -1.07239587e-02   9.40258335e-03 ...,   6.61431393e-03
    6.61379425e-03  -2.72939280e-02]
 [ -5.25320601e-03  -5.50597487e-03   2.24201707e-03 ...,  -3.63044528e-04
    4.40497324e-03  -1.82761364e-02]]
[[-0.01034892 -0.01102141  0.00798149 ...,  0.0062076   0.00721534
  -0.02787406]
 [-0.01013711 -0.01092301  0.00888318 ...,  0.00661081  0.00710905
  -0.02740068]
 [-0.00201527 -0.00649205  0.0016036  ..., -0.00147654  0.00022802
  -0.0044856 ]
 ...,
 [-0.00806983 -0.00866475  0.00617078 ...,  0.00559271  0.00782445
  -0.02604695]
 [ 0.00167182  0.00198612 -0.001547   ...,  0.00430653  0.00114557
  -0.01081271]
 [-0.00971894 -0.01089602  0.0065907  ...,  0.00584333  0.00718527
  -0.02725234]]
[[-0.00414091 -0.00587301  0.00057415 ..., -0.00041615  0.00261121
  -0.01186317]
 [ 0.00081916 -0.00275298 -0.00527172 ...,  0.00334655  0.00139416
  -0.01206387]
 [-0.00989833 -0.01165718  0.00782913 ...,  0.0077729   0.00672786
  -0.02872873]
 ...,
 [-0.00661659 -0.00975737  0.00462472 ...,  0.00288046  0.0059748
  -0.02230707]
 [-0.00526548 -0.00959071  0.00730866 ...,  0.00509143  0.00660671
  -0.0260447 ]
 [-0.00611087 -0.00618875  0.01417519 ...,  0.00432661  0.00402982
  -0.00765864]]
[[-0.00521671 -0.01036093  0.00509349 ...,  0.00546988  0.00496859
  -0.02433733]
 [-0.00813174 -0.00943487  0.00412025 ...,  0.00436679  0.00791962
  -0.02712525]
 [-0.01156749 -0.01360692  0.00726799 ...,  0.00806569  0.00660981
  -0.02990283]
 ...,
 [-0.00426589 -0.0067123  -0.00140608 ..., -0.00249389  0.00353541
  -0.01604862]
 [-0.00742081 -0.01061376  0.0052316  ...,  0.00608773  0.00720314
  -0.02890013]
 [-0.00956035 -0.01181144  0.00601783 ...,  0.00758026  0.00753594
  -0.02995132]]
[[ 0.00422326 -0.00629855 -0.00786328 ..., -0.00025009  0.00375962
  -0.01524952]
 [-0.01003782 -0.01273173  0.00596717 ...,  0.00750147  0.0077582
  -0.03017914]
 [-0.01116458 -0.01336869  0.00661628 ...,  0.00827163  0.00695418
  -0.0306782 ]
 ...,
 [-0.0056128   0.00049152 -0.00381028 ..., -0.00501207 -0.00147352
  -0.00945616]
 [-0.01014076 -0.0123875   0.00726374 ...,  0.00731599  0.00704013
  -0.02971058]
 [-0.01025381 -0.01296658  0.00673044 ...,  0.00791206  0.00733302
  -0.03039785]]
[[-0.002597   -0.00693351  0.000733   ...,  0.0094976  -0.00292481
  -0.02042272]
 [-0.00950568 -0.01142841  0.00511523 ...,  0.00642391  0.00798969
  -0.030996  ]
 [-0.0069133  -0.00829728 -0.00235475 ...,  0.00111471  0.00093911
  -0.0150689 ]
 ...,
 [-0.00993863 -0.01231463  0.00558981 ...,  0.00793807  0.00731803
  -0.03156532]
 [-0.00491441 -0.00700984 -0.00277428 ...,  0.00223195  0.00541125
  -0.02539223]
 [-0.00019022 -0.00710786 -0.00209902 ...,  0.0039222   0.00376814
  -0.02019555]]
[[-0.00459764 -0.00499683 -0.00128531 ...,  0.00507507  0.00126385
  -0.01863805]
 [-0.01063847 -0.01493514  0.00502026 ...,  0.00960647  0.00759014
  -0.03270911]
 [ 0.00149664 -0.00392345 -0.00423303 ..., -0.0002274   0.005175
  -0.01595316]
 ...,
 [-0.0108261  -0.01379016  0.00507039 ...,  0.00877987  0.00742109
  -0.03206054]
 [-0.01149558 -0.01428793  0.00451778 ...,  0.00883175  0.00721798
  -0.03311147]
 [-0.00703053 -0.01157983  0.00345251 ...,  0.00671409  0.00695053
  -0.03002054]]
[[-0.0112809  -0.01519292  0.00357395 ...,  0.01063855  0.00781822
  -0.03441661]
 [ 0.00376448 -0.009227    0.00238952 ...,  0.00249113  0.00804079
  -0.01046015]
 [-0.00724687 -0.01289401  0.00199523 ...,  0.00881392  0.00798949
  -0.03034217]
 ...,
 [-0.00772549 -0.00988358  0.00335361 ...,  0.00621537  0.0090463
  -0.02967473]
 [-0.00500857 -0.0076085   0.00211958 ...,  0.00836613  0.00608554
  -0.02486629]
 [-0.00575625 -0.00811286  0.00029489 ...,  0.00515329  0.00645337
  -0.02673167]]
[[ 0.00092336 -0.00918023 -0.00348053 ...,  0.00507899  0.00632141
  -0.02474044]
 [-0.00561431 -0.01072692 -0.00015108 ...,  0.00150054  0.00269593
  -0.02683562]
 [-0.00016587 -0.00802076 -0.00242908 ..., -0.00041148  0.00948256
  -0.0223226 ]
 ...,
 [-0.00887261 -0.00988669 -0.00600871 ...,  0.00223826  0.00381369
  -0.02033579]
 [-0.00720574 -0.01280123  0.00445346 ...,  0.00631975  0.0076992
  -0.03268456]
 [-0.00364444 -0.01198655 -0.00048114 ...,  0.0055087   0.00643829
  -0.0284714 ]]
[[-0.00673603 -0.01324965 -0.00010966 ...,  0.00710664  0.00602509
  -0.03500621]
 [-0.00844644 -0.01444351  0.00116509 ...,  0.01024334  0.00811247
  -0.0359384 ]
 [-0.00992724 -0.01538511  0.00260459 ...,  0.0109864   0.00800203
  -0.03669507]
 ...,
 [-0.00790201 -0.01400185  0.00042778 ...,  0.00975118  0.00725819
  -0.03472327]
 [ 0.00390852 -0.00261775 -0.01255749 ...,  0.00323933  0.00220942
  -0.01270168]
 [-0.01258654 -0.01713257  0.0011397  ...,  0.01196322  0.00762192
  -0.03760118]]
[[ 0.00061381 -0.01329639 -0.00336415 ...,  0.00473943  0.00558517
  -0.02700894]
 [-0.00598379 -0.01462569 -0.00347089 ...,  0.00759931  0.00622755
  -0.03356418]
 [-0.00645874 -0.01164365  0.00060811 ...,  0.00938503  0.00816622
  -0.03435212]
 ...,
 [-0.00634077 -0.01569668 -0.00297093 ...,  0.01083644  0.00558976
  -0.03615913]
 [-0.00586452 -0.01263162 -0.00165918 ...,  0.00851185  0.00612624
  -0.0336392 ]
 [-0.00804584 -0.01421335 -0.00170416 ...,  0.00976242  0.00854563
  -0.03552244]]
[[-0.00661664 -0.00992636 -0.00429864 ...,  0.00559146  0.00288811
  -0.02129679]
 [-0.00401904 -0.00796347 -0.00408617 ...,  0.0070364   0.00500893
  -0.02941986]
 [-0.0059279  -0.0133496  -0.0010925  ...,  0.00816572  0.00907393
  -0.0358836 ]
 ...,
 [-0.00724715 -0.00668073 -0.00896729 ...,  0.00517458 -0.00571996
  -0.01395875]
 [-0.01087813 -0.01785149 -0.00330984 ...,  0.01312713  0.00824801
  -0.04005799]
 [-0.00380967 -0.00873579 -0.00725872 ...,  0.00886034  0.00604549
  -0.03053874]]
[[-0.00606015 -0.01711275 -0.0053896  ...,  0.01104693  0.00683166
  -0.03842323]
 [-0.01045571 -0.01799046 -0.00504413 ...,  0.01403384  0.00897905
  -0.04263514]
 [-0.01227041 -0.02005676 -0.0047648  ...,  0.01508713  0.00847625
  -0.04373335]
 ...,
 [-0.01024908 -0.01873201 -0.00494895 ...,  0.01471966  0.00929272
  -0.04328791]
 [-0.00320157 -0.01383024 -0.00538139 ...,  0.00980189  0.00785014
  -0.03717636]
 [-0.00867135 -0.01728571 -0.00498058 ...,  0.01196535  0.00820008
  -0.04028412]]
[[-0.00288096 -0.0150479  -0.00916161 ...,  0.00481919  0.00292979
  -0.03319079]
 [-0.01187377 -0.01978504 -0.00653726 ...,  0.01679534  0.00807115
  -0.04632385]
 [-0.00246937 -0.00930871 -0.00828528 ...,  0.01076493  0.00511169
  -0.02943609]
 ...,
 [-0.01252512 -0.02198955 -0.00695256 ...,  0.01735038  0.00794107
  -0.04670462]
 [-0.00552142 -0.01862697 -0.01055599 ...,  0.01080339  0.00297145
  -0.03764268]
 [-0.00656198 -0.0124606  -0.00873194 ...,  0.01060789  0.00723084
  -0.03802631]]
[[-0.01308017 -0.02265215 -0.0101365  ...,  0.01937621  0.00825435
  -0.04948297]
 [-0.01246221 -0.02210151 -0.01047131 ...,  0.01931429  0.00808208
  -0.04947241]
 [ 0.00077015 -0.01426681 -0.01076932 ...,  0.01201714  0.00251916
  -0.03963935]
 ...,
 [-0.01255811 -0.02267946 -0.01046799 ...,  0.0190768   0.00865456
  -0.04950901]
 [-0.0073717  -0.01228913 -0.01377858 ...,  0.00289868  0.00137982
  -0.03648286]
 [-0.0084564  -0.02118001 -0.00927402 ...,  0.01631721  0.00654253
  -0.04567912]]
[[-0.01249557 -0.02423724 -0.01403087 ...,  0.02152906  0.0088291
  -0.05325964]
 [ 0.00107944 -0.01123209 -0.01230456 ...,  0.01041916  0.00055475
  -0.03556459]
 [-0.01071139 -0.02186603 -0.0148484  ...,  0.01915031  0.00942172
  -0.05150348]
 ...,
 [-0.00246525 -0.01102551 -0.01610763 ...,  0.0110117   0.00219333
  -0.03906941]
 [-0.00875306 -0.01882682 -0.0150903  ...,  0.01770842  0.00939277
  -0.04947438]
 [-0.00164699 -0.01744374 -0.01336783 ...,  0.0121666   0.0079927
  -0.04039101]]
[[-0.00491482 -0.02181592 -0.01741766 ...,  0.01672537  0.0073912
  -0.05173554]
 [-0.0088531  -0.02322304 -0.01925752 ...,  0.02131503  0.01002852
  -0.05339904]
 [-0.01013532 -0.02368584 -0.01902154 ...,  0.02210443  0.01088005
  -0.05470368]
 ...,
 [-0.00917172 -0.01932858 -0.01813257 ...,  0.02021616  0.00865616
  -0.05044417]
 [-0.01274527 -0.02627854 -0.01914622 ...,  0.0237198   0.0089808
  -0.05746994]
 [-0.00209086 -0.01357931 -0.01781252 ...,  0.00836949  0.00487981
  -0.03336959]]
[[-0.00114941 -0.01613991 -0.02296761 ...,  0.01950591  0.00218418
  -0.04265279]
 [-0.01273742 -0.02817214 -0.02453609 ...,  0.02761383  0.0098694
  -0.06253949]
 [-0.01161855 -0.02696753 -0.02556282 ...,  0.02679334  0.00981788
  -0.06192991]
 ...,
 [-0.00769525 -0.01881684 -0.02746654 ...,  0.01024683  0.00357556
  -0.04540937]
 [-0.0040306  -0.0177711  -0.02389403 ...,  0.01532345  0.00475242
  -0.05191286]
 [-0.01271886 -0.0284087  -0.02485746 ...,  0.02770796  0.00969094
  -0.06251241]]
[[-0.01016415 -0.0278551  -0.03117325 ...,  0.02937534  0.0105052
  -0.06552702]
 [-0.004524   -0.01387569 -0.03022638 ...,  0.01960987  0.00710197
  -0.04133069]
 [-0.0064004  -0.01484104 -0.02768142 ...,  0.02359867  0.00413058
  -0.03997913]
 ...,
 [-0.01189683 -0.02924965 -0.03158954 ...,  0.03091515  0.01058789
  -0.06681933]
 [-0.00643649 -0.01994332 -0.02920369 ...,  0.02237592  0.00576175
  -0.05272129]
 [-0.00565857 -0.02045357 -0.02992983 ...,  0.02374929  0.00780607
  -0.05695665]]
[[ -1.11724585e-02  -2.86752824e-02  -3.81629393e-02 ...,   3.16987187e-02
    1.06606139e-02  -7.12297633e-02]
 [ -1.08955475e-02  -2.87305694e-02  -3.96405868e-02 ...,   3.32534574e-02
    1.12601286e-02  -7.00413287e-02]
 [  2.79602269e-03  -1.61491707e-02  -3.61215100e-02 ...,   1.66561939e-02
    8.84089095e-05  -4.77853902e-02]
 ...,
 [ -9.71144810e-03  -2.90042032e-02  -3.80542725e-02 ...,   3.39534245e-02
    1.01858117e-02  -7.20929652e-02]
 [ -9.03423689e-03  -2.66475026e-02  -3.95588726e-02 ...,   2.69323830e-02
    9.82781313e-03  -6.77538961e-02]
 [ -6.18878659e-03  -2.40843166e-02  -3.47526595e-02 ...,   2.77800877e-02
    9.75513458e-03  -6.49997815e-02]]
[[-0.0030548  -0.01943185 -0.0413428  ...,  0.02802697  0.00397459
  -0.06098785]
 [-0.01220295 -0.03457209 -0.04988696 ...,  0.04180397  0.01156636
  -0.08161914]
 [-0.0116178  -0.03474052 -0.05004637 ...,  0.04134627  0.01191438
  -0.08099567]
 ...,
 [-0.01231098 -0.03543932 -0.04937116 ...,  0.04152174  0.01168171
  -0.08078273]
 [-0.0026673  -0.0237523  -0.05133795 ...,  0.02605235  0.01133555
  -0.06802978]
 [-0.0115997  -0.03540938 -0.0497935  ...,  0.04193094  0.01216904
  -0.08210509]]
[[ 0.00215627 -0.02731096 -0.05395436 ...,  0.024867    0.00258805
  -0.06682874]
 [-0.01239018 -0.03792078 -0.06220692 ...,  0.04818232  0.01193695
  -0.09058525]
 [-0.00545491 -0.03091843 -0.05757122 ...,  0.03868046  0.01230744
  -0.08129759]
 ...,
 [-0.00980443 -0.03486888 -0.06177261 ...,  0.04445689  0.01305918
  -0.08773369]
 [-0.01146911 -0.03450632 -0.06247615 ...,  0.04393328  0.01365684
  -0.08843186]
 [-0.01215054 -0.03922497 -0.06241009 ...,  0.04914836  0.01214408
  -0.09116727]]
[[-0.01040147 -0.03871232 -0.07655741 ...,  0.05588412  0.01443969
  -0.0995186 ]
 [-0.01112736 -0.0416793  -0.07666326 ...,  0.05664656  0.01417956
  -0.10124364]
 [-0.01336923 -0.04355768 -0.07790273 ...,  0.05851888  0.01341483
  -0.10266198]
 ...,
 [ 0.00525451 -0.02809574 -0.064716   ...,  0.03952326  0.01255705
  -0.07501216]
 [-0.01313979 -0.04306306 -0.07813135 ...,  0.05866795  0.01359886
  -0.10220554]
 [-0.00343574 -0.02403455 -0.06855845 ...,  0.03461251  0.01073617
  -0.07147382]]
[[-0.00632755 -0.03870538 -0.09157944 ...,  0.05925814  0.0162251
  -0.10862267]
 [-0.00089202 -0.0220735  -0.08510997 ...,  0.04616965  0.00775189
  -0.08432422]
 [-0.00559138 -0.03541274 -0.0907757  ...,  0.05780397  0.01479712
  -0.1027973 ]
 ...,
 [-0.01197562 -0.04477261 -0.09784418 ...,  0.06786574  0.01652933
  -0.11563176]
 [-0.00140999 -0.03234942 -0.08735952 ...,  0.0504735   0.00987862
  -0.09880659]
 [-0.00294277 -0.03250631 -0.09410532 ...,  0.0538054   0.01371489
  -0.10003243]]
[[ 0.00441882 -0.0286102  -0.10652982 ...,  0.06157442  0.01658902
  -0.10920156]
 [-0.00343203 -0.03558556 -0.10946757 ...,  0.06253093  0.01573645
  -0.10933805]
 [-0.01180537 -0.05036076 -0.12372831 ...,  0.08340706  0.01850332
  -0.13389686]
 ...,
 [ 0.01142943 -0.03290057 -0.10446202 ...,  0.06233174  0.01178996
  -0.10415342]
 [-0.00991159 -0.04676361 -0.12067435 ...,  0.07955621  0.01884154
  -0.13242513]
 [-0.00390422 -0.03452104 -0.11133471 ...,  0.06081823  0.010829
  -0.10970604]]
[[-0.00322476 -0.03905397 -0.13591178 ...,  0.07660984  0.01622567
  -0.1279729 ]
 [-0.00893674 -0.04915757 -0.14689556 ...,  0.09141911  0.02102161
  -0.14793049]
 [-0.00500874 -0.04129583 -0.14226812 ...,  0.08356645  0.01921989
  -0.13612954]
 ...,
 [-0.00990751 -0.04791006 -0.14898399 ...,  0.09278121  0.02289619
  -0.14814489]
 [-0.00496011 -0.04363111 -0.1435023  ...,  0.08358505  0.01713069
  -0.13974546]
 [-0.01219238 -0.05674215 -0.15455787 ...,  0.10079616  0.02085787
  -0.15472431]]
[[-0.01075178 -0.0546717  -0.18694262 ...,  0.11504586  0.0252891
  -0.17394957]
 [-0.0101653  -0.05837475 -0.19204871 ...,  0.11857678  0.02768037
  -0.17877975]
 [-0.01248856 -0.0616673  -0.19448766 ...,  0.12310267  0.02560254
  -0.18168516]
 ...,
 [-0.0100444  -0.05233265 -0.18415231 ...,  0.11088607  0.02746174
  -0.17191197]
 [-0.00909923 -0.05483941 -0.18732464 ...,  0.11370733  0.0259505
  -0.17419396]
 [-0.00217932 -0.04491846 -0.16656464 ...,  0.0952037   0.0187639
  -0.15854828]]
[[-0.00417199 -0.05366215 -0.22680181 ...,  0.1293602   0.03009872
  -0.19556183]
 [-0.01298972 -0.06918721 -0.24550581 ...,  0.1508258   0.0315753
  -0.21475317]
 [ 0.0043163  -0.04342561 -0.20237629 ...,  0.10878599  0.01527157
  -0.16798593]
 ...,
 [-0.01198965 -0.06582994 -0.24307834 ...,  0.14799395  0.03255958
  -0.21290974]
 [-0.00860575 -0.05833155 -0.23146248 ...,  0.13852438  0.02958599
  -0.20213906]
 [-0.00630515 -0.05610128 -0.23085745 ...,  0.13473177  0.03312267
  -0.20028448]]
[[ 0.00587027 -0.04329243 -0.24856292 ...,  0.13148704  0.02586756
  -0.19098879]
 [-0.01440709 -0.07724461 -0.31595042 ...,  0.19002445  0.04007956
  -0.26072156]
 [-0.01181432 -0.06931419 -0.30498388 ...,  0.1789905   0.04024526
  -0.25247762]
 ...,
 [-0.01317722 -0.07391138 -0.31123027 ...,  0.18542467  0.04001267
  -0.25739202]
 [-0.01304253 -0.07268074 -0.30971283 ...,  0.18362756  0.03971906
  -0.25595281]
 [-0.00644907 -0.05448001 -0.27971667 ...,  0.15524909  0.03460885
  -0.2290228 ]]
[[-0.01394877 -0.07869948 -0.39524978 ...,  0.22873463  0.05189562
  -0.31090635]
 [-0.01366854 -0.08044262 -0.396878   ...,  0.23046678  0.05213813
  -0.31237382]
 [-0.01448046 -0.08085663 -0.39711156 ...,  0.23071046  0.05188865
  -0.31224105]
 ...,
 [-0.00520681 -0.06302977 -0.3541677  ...,  0.19662008  0.04532262
  -0.28214172]
 [-0.01326952 -0.07911103 -0.39365622 ...,  0.22709899  0.05197737
  -0.3099055 ]
 [ 0.00674008 -0.04235526 -0.31548411 ...,  0.16971888  0.04076253
  -0.2446792 ]]
[[-0.01219916 -0.07715741 -0.4868761  ...,  0.26800138  0.06660443
  -0.36928841]
 [-0.01629954 -0.09183922 -0.52201915 ...,  0.29491436  0.0694642
  -0.39258549]
 [-0.01529038 -0.08797794 -0.51122999 ...,  0.28700608  0.068915
  -0.38635549]
 ...,
 [-0.00861437 -0.06936565 -0.46549109 ...,  0.25556681  0.06180238
  -0.34977165]
 [-0.00572863 -0.06365342 -0.45773998 ...,  0.24479622  0.0596263
  -0.34336784]
 [-0.01404726 -0.08198978 -0.49761626 ...,  0.27538294  0.06786843
  -0.37638012]]
[[-0.01603192 -0.09074973 -0.65046132 ...,  0.34983611  0.09091665
  -0.47459054]
 [ 0.00998425 -0.06005562 -0.54423088 ...,  0.28157717  0.06725384
  -0.38711545]
 [ 0.00313894 -0.06479743 -0.55299312 ...,  0.28796917  0.07278735
  -0.40187356]
 ...,
 [-0.01250493 -0.08241618 -0.61933845 ...,  0.33030096  0.08610591
  -0.45327735]
 [-0.01656714 -0.09078814 -0.64978981 ...,  0.35007402  0.09003668
  -0.4740648 ]
 [-0.00405529 -0.06660457 -0.57944715 ...,  0.30368307  0.0775398
  -0.42423034]]
[[ -1.98823097e-03  -7.40080923e-02  -7.44917631e-01 ...,   3.77732277e-01
    1.01448372e-01  -5.27504742e-01]
 [  1.91477826e-04  -6.83027953e-02  -7.25838959e-01 ...,   3.69839936e-01
    1.01066448e-01  -5.13845861e-01]
 [ -1.74875818e-02  -9.15628672e-02  -8.24727416e-01 ...,   4.23249304e-01
    1.19086221e-01  -5.83902538e-01]
 ...,
 [ -2.02527717e-02  -1.04291417e-01  -8.75949383e-01 ...,   4.53661531e-01
    1.26452923e-01  -6.17066085e-01]
 [ -1.00976722e-02  -7.96764046e-02  -7.68762767e-01 ...,   3.93117100e-01
    1.08929604e-01  -5.45719326e-01]
 [ -1.90644450e-02  -9.79929939e-02  -8.51693213e-01 ...,   4.39313233e-01
    1.23094454e-01  -6.01607382e-01]]
[[-0.02200661 -0.09811863 -1.06624007 ...,  0.51809704  0.15751936
  -0.73528439]
 [-0.02135516 -0.09747273 -1.06662571 ...,  0.51883656  0.15605265
  -0.73554844]
 [-0.01906106 -0.09139042 -1.04311883 ...,  0.50603229  0.15162012
  -0.71817839]
 ...,
 [-0.02410912 -0.11062397 -1.13082254 ...,  0.54997551  0.16798691
  -0.77572745]
 [-0.01414629 -0.08386397 -0.99812067 ...,  0.48555022  0.14239462
  -0.69059747]
 [-0.02205252 -0.09894541 -1.07858741 ...,  0.52292812  0.15895371
  -0.7429046 ]]
[[-0.0278751  -0.10476368 -1.3779577  ...,  0.6205622   0.20356224
  -0.92939585]
 [-0.02917954 -0.11601651 -1.44081771 ...,  0.64586914  0.21483213
  -0.96698767]
 [-0.02906514 -0.11150838 -1.41699791 ...,  0.63617587  0.21064968
  -0.9531008 ]
 ...,
 [-0.024907   -0.09541036 -1.33895636 ...,  0.60631865  0.19717419
  -0.90416467]
 [-0.02610452 -0.09660435 -1.33627057 ...,  0.60315323  0.19721206
  -0.90250659]
 [-0.02576902 -0.09891997 -1.35363579 ...,  0.60927176  0.1987067
  -0.9123463 ]]
[[-0.01359484 -0.0840605  -1.58197713 ...,  0.66528463  0.22284544
  -1.04752254]
 [-0.03509177 -0.12201779 -1.80047095 ...,  0.72760183  0.26159292
  -1.18883157]
 [-0.03222635 -0.10172984 -1.6957984  ...,  0.69619143  0.24410923
  -1.12369859]
 ...,
 [-0.03425764 -0.10972486 -1.73433614 ...,  0.70779598  0.24998987
  -1.14777613]
 [-0.03444621 -0.11416532 -1.75871134 ...,  0.71524048  0.2543695
  -1.16260576]
 [-0.03476705 -0.11257693 -1.74656379 ...,  0.71126401  0.25211439
  -1.1564337 ]]
[[-0.03881599 -0.12386866 -2.18294692 ...,  0.77037883  0.28929135
  -1.42344999]
 [-0.03688201 -0.10481568 -2.08221531 ...,  0.75037718  0.27419201
  -1.35750222]
 [-0.02351289 -0.0966515  -2.0070827  ...,  0.73641145  0.26623356
  -1.31362939]
 ...,
 [-0.03838814 -0.10996217 -2.10475039 ...,  0.75551909  0.27699488
  -1.37426746]
 [-0.03440289 -0.10397445 -2.06486964 ...,  0.74669749  0.273173
  -1.34819782]
 [-0.03015156 -0.09777781 -2.03995061 ...,  0.74205869  0.26663563
  -1.32884634]]
[[-0.03560526 -0.11148884 -2.51872849 ...,  0.73299915  0.26323944
  -1.6145488 ]
 [-0.03478893 -0.10740034 -2.49621916 ...,  0.73151428  0.25915694
  -1.59970915]
 [-0.03537497 -0.11859251 -2.55258131 ...,  0.73553967  0.26683775
  -1.6372782 ]
 ...,
 [-0.01081843 -0.09128066 -2.37637806 ...,  0.72157329  0.25387305
  -1.52209258]
 [-0.02859331 -0.10188194 -2.45202112 ...,  0.72685736  0.25211284
  -1.56927061]
 [-0.0351266  -0.12040876 -2.56700373 ...,  0.73745435  0.2687189
  -1.64554036]]
[[-0.01791286 -0.08234126 -2.70510101 ...,  0.59017593  0.16187431
  -1.67932975]
 [-0.03713888 -0.10158567 -2.81232595 ...,  0.59423614  0.16999361
  -1.75387526]
 [-0.0284085  -0.09135264 -2.73323369 ...,  0.5931043   0.16925433
  -1.70420861]
 ...,
 [-0.03660184 -0.10170607 -2.81453681 ...,  0.59452057  0.16965853
  -1.75360501]
 [-0.03450437 -0.09971417 -2.79070044 ...,  0.59338444  0.16656555
  -1.74075723]
 [-0.03058561 -0.09489634 -2.75690746 ...,  0.59689522  0.16190568
  -1.71528649]]
[[-0.0541775  -0.08097396 -3.06054258 ...,  0.40707338  0.0391909
  -1.83294034]
 [-0.05099205 -0.08172907 -3.04654098 ...,  0.40909696  0.03993964
  -1.82434976]
 [-0.05667565 -0.08358064 -3.07834411 ...,  0.40577459  0.04008311
  -1.84546506]
 ...,
 [-0.05420916 -0.09445823 -3.15186095 ...,  0.39558557  0.04183151
  -1.8864615 ]
 [-0.05132432 -0.09767183 -3.18125796 ...,  0.39056176  0.04224249
  -1.90198219]
 [-0.05425966 -0.09434707 -3.15259004 ...,  0.39525822  0.04189631
  -1.88606524]]
[[-0.072353   -0.08203277 -3.44476771 ...,  0.20324889 -0.09603289
  -1.98655331]
 [-0.07203437 -0.07322491 -3.39185619 ...,  0.21535043 -0.0951618
  -1.95579278]
 [-0.07072552 -0.07354087 -3.36734271 ...,  0.21901393 -0.09712616
  -1.94600809]
 ...,
 [-0.07334495 -0.07496849 -3.38311124 ...,  0.21532449 -0.09518946
  -1.95313132]
 [-0.05463539 -0.05826589 -3.30237722 ...,  0.22373556 -0.09998614
  -1.89792466]
 [-0.07326107 -0.08063442 -3.43539381 ...,  0.2048029  -0.09644359
  -1.98223567]]
[[-0.07834592 -0.0638697  -3.71668887 ...,  0.03097421 -0.24157672
  -2.07266307]
 [-0.08207089 -0.07023212 -3.74141812 ...,  0.02973503 -0.23992676
  -2.08965802]
 [-0.07544122 -0.06321217 -3.69781566 ...,  0.03466844 -0.24894994
  -2.05297065]
 ...,
 [-0.08271898 -0.07562803 -3.78495336 ...,  0.02024954 -0.24192338
  -2.1112318 ]
 [-0.08135024 -0.07728671 -3.80294967 ...,  0.01480581 -0.24204287
  -2.11960483]
 [-0.08236564 -0.07610659 -3.79447722 ...,  0.0175089  -0.24253038
  -2.11554289]]
[[-0.07174945 -0.05514609 -4.11392307 ..., -0.15033765 -0.40300819
  -2.21567893]
 [-0.08262047 -0.06866159 -4.20825386 ..., -0.1614449  -0.39902022
  -2.27018332]
 [-0.08117612 -0.06842421 -4.21918774 ..., -0.16639043 -0.39944297
  -2.27410054]
 ...,
 [-0.08255924 -0.06803755 -4.19890738 ..., -0.15871239 -0.3986578
  -2.26611209]
 [-0.07585075 -0.05759118 -4.13356686 ..., -0.15265483 -0.40362597
  -2.22540331]
 [-0.08074272 -0.06867459 -4.22680998 ..., -0.16823952 -0.40082026
  -2.27793288]]
[[-0.07607493 -0.04345651 -4.67303991 ..., -0.33051378 -0.56768262
  -2.4400866 ]
 [-0.05721469 -0.02550269 -4.56191492 ..., -0.32133064 -0.57042277
  -2.37381291]
 [-0.0759007  -0.04329937 -4.6531105  ..., -0.32468313 -0.56675059
  -2.43440175]
 ...,
 [-0.07380527 -0.04379288 -4.68777752 ..., -0.33508459 -0.56908625
  -2.44654131]
 [-0.07453994 -0.04060541 -4.64879322 ..., -0.3249208  -0.56830573
  -2.42537165]
 [-0.07144738 -0.04341242 -4.70663452 ..., -0.3413415  -0.57167143
  -2.45206404]]
[[-0.07264196 -0.03833077 -4.62445259 ..., -0.32132986 -0.56694281
  -2.41241884]
 [-0.07551028 -0.04374766 -4.66894627 ..., -0.32969472 -0.56744182
  -2.43802166]
 [-0.07534616 -0.04136318 -4.6517458  ..., -0.32516509 -0.56624234
  -2.43000698]
 ...,
 [-0.06023432 -0.03041569 -4.58980083 ..., -0.31774181 -0.57118881
  -2.38856387]
 [-0.07584413 -0.04212662 -4.65231323 ..., -0.32637179 -0.56920892
  -2.432899  ]
 [-0.07598383 -0.04292215 -4.66181183 ..., -0.32777452 -0.56681681
  -2.43420315]]
[[-0.07399638 -0.04172354 -4.6457324  ..., -0.32170546 -0.56693524
  -2.42718697]
 [-0.06378973 -0.03350754 -4.58934021 ..., -0.3177731  -0.56816334
  -2.39162016]
 [-0.07497478 -0.0417497  -4.6452136  ..., -0.32287046 -0.56643707
  -2.42513108]
 ...,
 [-0.07645714 -0.04360342 -4.66244888 ..., -0.3283281  -0.56694281
  -2.43489838]
 [-0.0618757  -0.03160369 -4.56972456 ..., -0.32168743 -0.57661027
  -2.37766218]
 [-0.0699396  -0.04325129 -4.71489525 ..., -0.3442601  -0.57288867
  -2.4548285 ]]
[[-0.07516499 -0.04362172 -4.68087006 ..., -0.33244044 -0.56858379
  -2.4434526 ]
 [-0.07353665 -0.04238378 -4.63302565 ..., -0.32065594 -0.56810236
  -2.42250228]
 [-0.07575739 -0.04170213 -4.64328337 ..., -0.32163948 -0.5664131
  -2.42605734]
 ...,
 [-0.07574814 -0.04339178 -4.65975285 ..., -0.32720917 -0.56735289
  -2.43392849]
 [-0.07514249 -0.04299819 -4.65237474 ..., -0.32497388 -0.56539744
  -2.43059206]
 [-0.07617399 -0.04300387 -4.65900993 ..., -0.32615495 -0.56633306
  -2.43503118]]
[[-0.06243868 -0.03302542 -4.58968019 ..., -0.32333645 -0.56927657
  -2.39522886]
 [-0.0763991  -0.04277171 -4.66791391 ..., -0.32934651 -0.56722224
  -2.43906569]
 [-0.07199325 -0.03929346 -4.62189436 ..., -0.31950074 -0.56840998
  -2.41328049]
 ...,
 [-0.06537012 -0.03538816 -4.60962439 ..., -0.32020327 -0.56791276
  -2.40491366]
 [-0.0756458  -0.04360296 -4.6684165  ..., -0.32906252 -0.5679161
  -2.43793654]
 [-0.06084236 -0.04053691 -4.76126385 ..., -0.3603411  -0.58054376
  -2.46928835]]
[[-0.07222129 -0.04276361 -4.70432043 ..., -0.34067908 -0.57176304
  -2.45098352]
 [-0.07701992 -0.04343605 -4.66117668 ..., -0.32701269 -0.56855482
  -2.43479967]
 [-0.07639792 -0.04316859 -4.6671977  ..., -0.32946604 -0.56748819
  -2.4379046 ]
 ...,
 [-0.07416893 -0.04051084 -4.63330889 ..., -0.32102799 -0.56532019
  -2.41982102]
 [-0.07416958 -0.03833979 -4.63479853 ..., -0.32296526 -0.5681771
  -2.42016029]
 [-0.07169295 -0.0379256  -4.62465429 ..., -0.32112545 -0.56704873
  -2.41210794]]
[[-0.05115071 -0.02688373 -4.53994274 ..., -0.32207283 -0.57664311
  -2.35193706]
 [-0.06944708 -0.04289208 -4.71686697 ..., -0.34506968 -0.57404608
  -2.45518875]
 [-0.07591664 -0.04438885 -4.67779446 ..., -0.33166134 -0.56703377
  -2.44201803]
 ...,
 [-0.07238983 -0.04121894 -4.63409805 ..., -0.32351035 -0.56615877
  -2.42128038]
 [-0.06988075 -0.04268659 -4.71560764 ..., -0.34466919 -0.57314748
  -2.45496535]
 [-0.07519794 -0.0434475  -4.66737413 ..., -0.32966813 -0.56841165
  -2.43747091]]
[[-0.07240869 -0.04078152 -4.63545179 ..., -0.32395688 -0.56966126
  -2.41952157]
 [-0.07576495 -0.04438411 -4.67402554 ..., -0.33085606 -0.56753927
  -2.44119382]
 [-0.07707026 -0.04308554 -4.66744423 ..., -0.32866669 -0.56739056
  -2.43801737]
 ...,
 [-0.07640677 -0.04469962 -4.67238808 ..., -0.32975349 -0.56751102
  -2.44016004]
 [-0.07059696 -0.03685138 -4.60753632 ..., -0.31951696 -0.56736714
  -2.40704083]
 [-0.07262697 -0.03792683 -4.63539982 ..., -0.32247233 -0.56805623
  -2.4176023 ]]
[[-0.05766596 -0.02923886 -4.56798267 ..., -0.31992939 -0.57410192
  -2.37141371]
 [-0.07389533 -0.04363943 -4.68823195 ..., -0.33593225 -0.56982511
  -2.44525766]
 [-0.06067077 -0.03454491 -4.58952379 ..., -0.32042292 -0.57056391
  -2.38779068]
 ...,
 [-0.06991203 -0.0429876  -4.71614838 ..., -0.34466136 -0.57334274
  -2.45530629]
 [-0.07394177 -0.03455951 -4.60926771 ..., -0.32169205 -0.5723865
  -2.40160084]
 [-0.07518098 -0.04371152 -4.67470312 ..., -0.33211446 -0.56662595
  -2.44102049]]
[[-0.0756001  -0.04358556 -4.67494917 ..., -0.33117914 -0.56690359
  -2.44097304]
 [-0.07194892 -0.04309128 -4.70475054 ..., -0.33992726 -0.57159305
  -2.45111156]
 [-0.07262927 -0.03958173 -4.6363678  ..., -0.32233807 -0.56753695
  -2.41868472]
 ...,
 [-0.05461882 -0.02629453 -4.56559372 ..., -0.31818527 -0.56829864
  -2.37794018]
 [-0.05650585 -0.03895414 -4.78091192 ..., -0.36718377 -0.5836513
  -2.47532845]
 [-0.0625237  -0.03347715 -4.58553171 ..., -0.32035148 -0.56776428
  -2.39331746]]
[[-0.07150596 -0.03515277 -4.62322855 ..., -0.3216356  -0.57046282
  -2.41100645]
 [-0.07510806 -0.04366603 -4.67885828 ..., -0.33246616 -0.56794035
  -2.44321728]
 [-0.06982666 -0.04310981 -4.71564054 ..., -0.34447494 -0.57307905
  -2.45534492]
 ...,
 [-0.04691428 -0.02049504 -4.5422883  ..., -0.32663471 -0.57078433
  -2.35315418]
 [-0.07567337 -0.04205312 -4.64423037 ..., -0.32390562 -0.56753182
  -2.42518616]
 [-0.07302459 -0.04385367 -4.69609261 ..., -0.33789343 -0.5704698
  -2.44885397]]
[[-0.07561489 -0.04283735 -4.67463112 ..., -0.33158192 -0.56730425
  -2.4405427 ]
 [-0.07190713 -0.04349147 -4.70513821 ..., -0.34109712 -0.57169408
  -2.45148635]
 [-0.06966256 -0.03487647 -4.6070118  ..., -0.3223809  -0.57061011
  -2.40210986]
 ...,
 [-0.06752817 -0.04088134 -4.60523605 ..., -0.32017222 -0.56805348
  -2.40576196]
 [-0.06725695 -0.0346675  -4.60406351 ..., -0.31759995 -0.57190645
  -2.40357351]
 [-0.07503441 -0.04231842 -4.6536622  ..., -0.32566464 -0.56747699
  -2.43010116]]
[[-0.07673244 -0.04217566 -4.66725874 ..., -0.33063245 -0.56657779
  -2.43754435]
 [-0.07142519 -0.04332278 -4.70540619 ..., -0.34118965 -0.57177639
  -2.45178533]
 [-0.07361193 -0.04347644 -4.68735027 ..., -0.33540103 -0.5689885
  -2.4453361 ]
 ...,
 [-0.07622974 -0.04355459 -4.67368698 ..., -0.33093452 -0.56720525
  -2.44030881]
 [-0.07396704 -0.04367713 -4.69243717 ..., -0.3369031  -0.5697372
  -2.44723058]
 [-0.05810456 -0.031518   -4.56262302 ..., -0.31849235 -0.57138193
  -2.37567639]]
[[-0.05395331 -0.03024241 -4.56813097 ..., -0.32113022 -0.57191384
  -2.37217069]
 [-0.07462399 -0.04381799 -4.6882906  ..., -0.33462214 -0.56882381
  -2.44525695]
 [-0.04079228 -0.0186025  -4.54294205 ..., -0.32498524 -0.57559472
  -2.34230089]
 ...,
 [-0.0753464  -0.04357939 -4.66234493 ..., -0.32678878 -0.56650728
  -2.43561149]
 [-0.07774974 -0.04176542 -4.64494944 ..., -0.32391772 -0.56665546
  -2.42805624]
 [-0.07441949 -0.04428475 -4.68863726 ..., -0.3354294  -0.56890619
  -2.44664717]]
[[-0.07384177 -0.03734023 -4.62248421 ..., -0.32058322 -0.56601965
  -2.41214776]
 [-0.07652611 -0.04397573 -4.6600256  ..., -0.32719135 -0.56591773
  -2.43540716]
 [-0.05028404 -0.02710453 -4.54625273 ..., -0.31960586 -0.57740825
  -2.34873819]
 ...,
 [-0.07590011 -0.04348961 -4.66608858 ..., -0.32912743 -0.56712127
  -2.43808484]
 [-0.07530017 -0.04357118 -4.68185043 ..., -0.33278048 -0.56824207
  -2.4427197 ]
 [-0.07743351 -0.04343849 -4.65105486 ..., -0.32527521 -0.56746858
  -2.43083978]]
[[-0.07029136 -0.03780034 -4.60857677 ..., -0.3227728  -0.57135707
  -2.40814233]
 [-0.06740193 -0.04227595 -4.72889566 ..., -0.34936413 -0.57556993
  -2.45939255]
 [-0.07378928 -0.040891   -4.63002014 ..., -0.32026294 -0.56998384
  -2.41902852]
 ...,
 [-0.0480899  -0.01959184 -4.53502083 ..., -0.3227092  -0.57945651
  -2.35404611]
 [-0.07605204 -0.04362904 -4.65992546 ..., -0.32565731 -0.56694877
  -2.43429685]
 [-0.07506704 -0.04206807 -4.65398026 ..., -0.32666183 -0.56783551
  -2.4325223 ]]
[[-0.05899865 -0.02868388 -4.56486464 ..., -0.32600856 -0.57963091
  -2.37181258]
 [-0.07668833 -0.04236455 -4.6524992  ..., -0.32620856 -0.56721485
  -2.43060589]
 [-0.06633443 -0.03277097 -4.59338713 ..., -0.32377443 -0.5696215
  -2.39252377]
 ...,
 [-0.07422929 -0.04007496 -4.63305473 ..., -0.32321885 -0.57052088
  -2.42005754]
 [-0.07635815 -0.04296311 -4.65721321 ..., -0.32520771 -0.56501013
  -2.43403578]
 [-0.07366569 -0.04048653 -4.63428307 ..., -0.32466379 -0.56607187
  -2.421134  ]]
[[-0.07339158 -0.04378958 -4.69647026 ..., -0.337767   -0.57060242
  -2.449018  ]
 [-0.07478119 -0.04360387 -4.68811655 ..., -0.33505613 -0.56874001
  -2.44573712]
 [-0.06153656 -0.02597952 -4.56888771 ..., -0.32253748 -0.57221848
  -2.37177444]
 ...,
 [-0.07605464 -0.04353689 -4.66699219 ..., -0.32834575 -0.56728864
  -2.43873429]
 [-0.07499622 -0.0427009  -4.63390779 ..., -0.32248974 -0.56880498
  -2.42196941]
 [-0.0767513  -0.0430441  -4.65222502 ..., -0.32571933 -0.56812608
  -2.43047714]]
[[-0.05294896 -0.02278559 -4.54180765 ..., -0.31960437 -0.58011687
  -2.35228562]
 [-0.0454373  -0.02353334 -4.54944611 ..., -0.32089704 -0.57169431
  -2.36049557]
 [-0.07629567 -0.04331964 -4.66882896 ..., -0.32821235 -0.56821829
  -2.43890262]
 ...,
 [-0.05524748 -0.02657606 -4.56440401 ..., -0.32691759 -0.57153481
  -2.37212396]
 [-0.07440203 -0.03750942 -4.6243124  ..., -0.31900397 -0.56484866 -2.41292   ]
 [-0.06750485 -0.04233146 -4.73009682 ..., -0.34951806 -0.57573682
  -2.4596231 ]]
[[-0.07013426 -0.04301563 -4.71314907 ..., -0.34362367 -0.57267129
  -2.45379519]
 [-0.07568052 -0.04385258 -4.65914679 ..., -0.32637569 -0.56717592
  -2.43499684]
 [-0.0748932  -0.04172215 -4.64449692 ..., -0.32448462 -0.5681572
  -2.42756677]
 ...,
 [-0.06707291 -0.03511046 -4.60775948 ..., -0.32008445 -0.56899983
  -2.39919019]
 [-0.07621375 -0.04442423 -4.67339325 ..., -0.33045906 -0.56717235
  -2.44090176]
 [-0.07484798 -0.04330559 -4.68796444 ..., -0.33480269 -0.56895924
  -2.44591141]]
[[-0.06996981 -0.04279985 -4.71524572 ..., -0.34469107 -0.57324439
  -2.45482349]
 [-0.06699457 -0.04204582 -4.73111534 ..., -0.34953353 -0.57580197
  -2.45984769]
 [-0.07698459 -0.04368934 -4.66658831 ..., -0.3288514  -0.56644875
  -2.43807578]
 ...,
 [-0.07672113 -0.04303158 -4.66045046 ..., -0.32844818 -0.56664425
  -2.43495178]
 [-0.07672571 -0.04403273 -4.66471672 ..., -0.32889599 -0.56727475
  -2.43770289]
 [-0.06731355 -0.04245349 -4.72857714 ..., -0.34894323 -0.57520241
  -2.45893478]]
[[-0.07149832 -0.04313257 -4.70544481 ..., -0.34097084 -0.57117832
  -2.45203805]
 [-0.07623513 -0.04327899 -4.67776966 ..., -0.33096579 -0.56747961
  -2.44170856]
 [-0.0707671  -0.03513245 -4.6075139  ..., -0.31811151 -0.56757003
  -2.40324545]
 ...,
 [-0.07494857 -0.04002042 -4.63408375 ..., -0.32168394 -0.56875145
  -2.4205873 ]
 [-0.06366491 -0.03295068 -4.5903821  ..., -0.32133543 -0.57267475
  -2.38458872]
 [-0.07549604 -0.04366035 -4.68056202 ..., -0.33260322 -0.56814402
  -2.44263363]]
[[-0.06721932 -0.04219723 -4.72985268 ..., -0.34953281 -0.57579702
  -2.45964575]
 [-0.07619099 -0.04313767 -4.66018629 ..., -0.32781222 -0.5667246
  -2.43542314]
 [-0.06968382 -0.0430306  -4.71531391 ..., -0.34454456 -0.57336193
  -2.45511174]
 ...,
 [-0.07134147 -0.04360239 -4.70663214 ..., -0.34119558 -0.57164782
  -2.45260644]
 [-0.07567442 -0.04359902 -4.66706133 ..., -0.32928538 -0.56729567
  -2.43749619]
 [-0.07534051 -0.03730609 -4.60909557 ..., -0.32012761 -0.56716126
  -2.40831733]]
[[-0.07656221 -0.04234247 -4.65369368 ..., -0.32510751 -0.5662176
  -2.42908454]
 [-0.07353701 -0.04357589 -4.69485712 ..., -0.33734432 -0.57053584
  -2.44816589]
 [-0.06466686 -0.04154001 -4.74331284 ..., -0.35404614 -0.57772583
  -2.46372676]
 ...,
 [-0.07684579 -0.04375696 -4.66622162 ..., -0.32835245 -0.56753743
  -2.43775177]
 [-0.07499807 -0.04385735 -4.68116999 ..., -0.33305374 -0.56828648
  -2.44348216]
 [-0.07487829 -0.03814152 -4.62061787 ..., -0.32185453 -0.56758809
  -2.41145229]]
[[-0.07688697 -0.04402197 -4.66766024 ..., -0.32853302 -0.5679217
  -2.43824315]
 [-0.07157135 -0.04322344 -4.70528984 ..., -0.3409647  -0.57117099
  -2.4509542 ]
 [-0.07336333 -0.04356508 -4.69438076 ..., -0.33760494 -0.56982648
  -2.44822884]
 ...,
 [-0.0717627  -0.04346116 -4.70462418 ..., -0.34076405 -0.57163024
  -2.45213056]
 [-0.07357911 -0.04156455 -4.63176441 ..., -0.32165053 -0.56724769
  -2.42173171]
 [-0.0675592  -0.03546805 -4.60516405 ..., -0.31950799 -0.57103336
  -2.40092921]]
[[-0.07111804 -0.04020532 -4.63285017 ..., -0.32297873 -0.56567121
  -2.42012858]
 [-0.07537416 -0.04344793 -4.669487   ..., -0.32931387 -0.56727469
  -2.43886852]
 [-0.0557935  -0.02557345 -4.55917406 ..., -0.32178465 -0.57062685
  -2.37327194]
 ...,
 [-0.05869961 -0.0179256  -4.53905487 ..., -0.32712084 -0.56884849
  -2.35194707]
 [-0.07626918 -0.03880625 -4.6364851  ..., -0.32286406 -0.56513351
  -2.42057538]
 [-0.07656259 -0.04211864 -4.65125942 ..., -0.32502455 -0.5664776
  -2.43174553]]
[[-0.07455208 -0.04412386 -4.68090343 ..., -0.33343878 -0.56836212
  -2.44325018]
 [-0.07403124 -0.03915019 -4.63274288 ..., -0.32080394 -0.56794655
  -2.41852355]
 [-0.06972182 -0.0427274  -4.71628332 ..., -0.34472761 -0.57356834
  -2.45517731]
 ...,
 [-0.07525671 -0.04257114 -4.6428628  ..., -0.3238332  -0.56700075
  -2.42633414]
 [-0.07454611 -0.04343274 -4.68879986 ..., -0.33602682 -0.57019287
  -2.44598985]
 [-0.076009   -0.04359069 -4.67404079 ..., -0.33024946 -0.5675981
  -2.44171095]]
[[-0.06892776 -0.03884371 -4.60807991 ..., -0.31878781 -0.56997424
  -2.40198636]
 [-0.07581845 -0.04157878 -4.64340067 ..., -0.32402062 -0.56714082
  -2.42610025]
 [-0.06285135 -0.01873397 -4.54377699 ..., -0.33120874 -0.57061571
  -2.3598001 ]
 ...,
 [-0.07611094 -0.04351123 -4.66701841 ..., -0.32865745 -0.56710196
  -2.43783116]
 [-0.07129633 -0.03786065 -4.60879755 ..., -0.31843573 -0.57023698
  -2.40219188]
 [-0.07704797 -0.04188929 -4.65892839 ..., -0.32699338 -0.56687957
  -2.43403172]]
[[-0.07551312 -0.0435937  -4.68030596 ..., -0.33284944 -0.56830913
  -2.44351482]
 [-0.05608236 -0.03124862 -4.56623602 ..., -0.32233155 -0.56673837
  -2.37250304]
 [-0.07273898 -0.04365892 -4.6969285  ..., -0.33822015 -0.57016355
  -2.44883227]
 ...,
 [-0.07410975 -0.04410443 -4.68734646 ..., -0.33410025 -0.56923914
  -2.44613504]
 [-0.07523627 -0.04326311 -4.68049908 ..., -0.33244634 -0.56733251
  -2.44344211]
 [-0.0611207  -0.02989424 -4.56948566 ..., -0.32240221 -0.57736725
  -2.37658834]]
[[-0.07500429 -0.04285703 -4.64397097 ..., -0.32331955 -0.568425
  -2.42756867]
 [-0.07424521 -0.04389808 -4.68747425 ..., -0.3348822  -0.56858462
  -2.44568133]
 [-0.07499035 -0.04433807 -4.66161871 ..., -0.32605103 -0.56748432
  -2.43569899]
 ...,
 [-0.06593613 -0.03418421 -4.59272814 ..., -0.32231882 -0.56765574
  -2.38341069]
 [-0.07646352 -0.04369527 -4.67207861 ..., -0.32999739 -0.56667852
  -2.44036365]
 [-0.07584424 -0.04152379 -4.64470243 ..., -0.32395226 -0.56737989
  -2.42604399]]
[[-0.06107744 -0.0276761  -4.56951523 ..., -0.32384861 -0.57466692
  -2.37202525]
 [-0.04690642 -0.02294669 -4.54358101 ..., -0.32251102 -0.57880008
  -2.3483758 ]
 [-0.07403733 -0.04260996 -4.63350105 ..., -0.32139724 -0.56866497
  -2.41981435]
 ...,
 [-0.07641223 -0.04475779 -4.67256308 ..., -0.3298972  -0.56656015
  -2.44120526]
 [-0.07239858 -0.03968715 -4.61987734 ..., -0.32049838 -0.56710392
  -2.41340089]
 [-0.07529045 -0.04426209 -4.68040037 ..., -0.33214831 -0.5684514
  -2.44360757]]
[[-0.07547899 -0.04349939 -4.66108036 ..., -0.32737565 -0.56629872
  -2.43608713]
 [-0.07170954 -0.04327622 -4.70493793 ..., -0.3410539  -0.57166708
  -2.45170808]
 [-0.07563519 -0.04251726 -4.65273905 ..., -0.3271355  -0.56696665
  -2.43031788]
 ...,
 [-0.07581051 -0.04258665 -4.65971804 ..., -0.32666174 -0.56626433
  -2.43374515]
 [-0.07204205 -0.03577075 -4.61006451 ..., -0.32303271 -0.56915635
  -2.40085292]
 [-0.07572731 -0.04350425 -4.67508411 ..., -0.33054441 -0.56810737
  -2.44178915]]