1.716244406998157501e-02 -1.336093293502926826e-03 -2.245182637125253677e-03 8.726284839212894440e-03 4.548935219645500183e-03
1.858136989176273346e-02 -5.049836472608149052e-04 5.729171680286526680e-04 1.002950035035610199e-02 2.191266976296901703e-03
1.794259622693061829e-02 -5.353476735763251781e-04 4.976182826794683933e-04 1.007930096238851547e-02 2.391468267887830734e-03
1.846314966678619385e-02 -1.397374784573912621e-03 1.712580124149098992e-04 1.038713101297616959e-02 1.793455099686980247e-03
4.137655560043640435e-05 -7.523709791712462902e-04 7.831240654923021793e-04 4.693329334259033203e-03 2.292909659445285797e-03
=================================1.902862265706062317e-02 1.678125117905437946e-04 -5.163482273928821087e-04 8.935735560953617096e-03 3.607932012528181076e-03
1.778232678771018982e-02 4.805809003300964832e-04 -1.908722799271345139e-03 9.406608529388904572e-03 5.846290383487939835e-03
9.105649776756763458e-03 3.996732120867818594e-04 -2.478003036230802536e-03 3.360725939273834229e-03 3.921367693692445755e-03
1.812755130231380463e-02 4.804381460417062044e-04 -5.446583963930606842e-04 1.023741532117128372e-02 2.935133874416351318e-03
1.497352775186300278e-02 -1.547951251268386841e-03 -1.656424836255609989e-03 1.006999891251325607e-02 8.759032934904098511e-03
=================================1.940890215337276459e-02 2.529151039198040962e-03 -6.691833259537816048e-04 8.723850362002849579e-03 4.026265349239110947e-03
1.920112222433090210e-02 1.345586962997913361e-03 5.166461924090981483e-04 8.173217996954917908e-03 4.686092026531696320e-03
4.891687538474798203e-03 4.628168884664773941e-03 -7.042836863547563553e-03 -4.953607916831970215e-03 -2.693310379981994629e-03
1.374342758208513260e-02 -1.463028136640787125e-03 -2.646665088832378387e-03 4.665299784392118454e-03 7.003816775977611542e-03
1.958280801773071289e-02 1.968379132449626923e-03 9.842559666140004992e-05 9.178846143186092377e-03 4.457328468561172485e-03
=================================1.993343979120254517e-02 3.487470792606472969e-03 -1.834568392951041460e-04 8.488466963171958923e-03 5.643799901008605957e-03
1.808785647153854370e-02 2.952764043584465981e-03 -5.781839718110859394e-05 8.119324222207069397e-03 6.714508403092622757e-03
1.997259445488452911e-02 2.594513818621635437e-03 2.450694155413657427e-04 8.910139091312885284e-03 5.424151197075843811e-03
6.833438295871019363e-03 1.034951768815517426e-03 1.033253269270062447e-03 1.923941541463136673e-03 8.248177357017993927e-03
5.610500928014516830e-03 8.431060123257339001e-04 6.042914465069770813e-04 3.084258874878287315e-03 3.222937928512692451e-03
=================================1.035785488784313202e-02 -7.781891617923974991e-04 5.180820822715759277e-03 1.798941753804683685e-03 6.082128733396530151e-03
2.075686678290367126e-02 4.732149653136730194e-03 3.327998565509915352e-04 8.179993368685245514e-03 6.654049735516309738e-03
1.816111057996749878e-02 3.270063316449522972e-03 1.395289145875722170e-04 8.403328247368335724e-03 6.709035485982894897e-03
2.050900273025035858e-02 4.510882776230573654e-03 -3.904650511685758829e-04 8.099031634628772736e-03 6.680978927761316299e-03
1.633269153535366058e-02 1.610772567801177502e-03 -3.866382408887147903e-03 6.959069520235061646e-03 6.670433562248945236e-03
=================================2.087356708943843842e-02 6.010418757796287537e-03 -2.883015549741685390e-04 7.311287336051464081e-03 9.783625602722167969e-03
2.125534228980541229e-02 6.561791524291038513e-03 3.338879905641078949e-04 8.256061002612113953e-03 8.028240874409675598e-03
2.114174142479896545e-02 5.493148695677518845e-03 -7.997067295946180820e-04 7.513585034757852554e-03 8.853033185005187988e-03
1.469257287681102753e-02 5.968730431050062180e-03 -2.575873397290706635e-03 7.872627116739749908e-03 9.843715466558933258e-03
2.077571675181388855e-02 5.766160786151885986e-03 -7.223521242849528790e-05 7.689806167036294937e-03 8.824385702610015869e-03
=================================2.083095349371433258e-02 6.142362952232360840e-03 1.248632906936109066e-05 8.209476247429847717e-03 1.092119701206684113e-02
2.137866429984569550e-02 6.922920234501361847e-03 -7.718846318311989307e-04 7.560884114354848862e-03 1.035878062248229980e-02
2.141619287431240082e-02 8.131757378578186035e-03 -1.336423447355628014e-04 7.048937026411294937e-03 1.032202970236539841e-02
2.026421017944812775e-02 7.873465307056903839e-03 -2.682969789020717144e-04 7.795779500156641006e-03 9.028300642967224121e-03
2.212284877896308899e-02 7.706326432526111603e-03 1.219937112182378769e-04 7.405131123960018158e-03 9.357787668704986572e-03
=================================2.050880715250968933e-02 7.969337515532970428e-03 -2.013971097767353058e-03 5.824717227369546890e-03 1.138728857040405273e-02
2.177783660590648651e-02 9.920925833284854889e-03 -1.812838600017130375e-04 6.286731921136379242e-03 1.193425897508859634e-02
1.157825812697410583e-02 8.336493745446205139e-03 -3.935903776437044144e-03 5.159492604434490204e-03 1.503664720803499222e-02
2.200329862534999847e-02 9.937136434018611908e-03 9.478753781877458096e-05 6.728714331984519958e-03 1.089101936668157578e-02
2.274547144770622253e-02 9.406687691807746887e-03 -1.123015535995364189e-04 6.364466622471809387e-03 1.123648416250944138e-02
=================================1.657382212579250336e-02 9.000263176858425140e-03 -2.347919391468167305e-03 6.037180777639150620e-03 1.039964333176612854e-02
2.301282249391078949e-02 1.128224655985832214e-02 6.124089122749865055e-04 6.198701448738574982e-03 1.291723549365997314e-02
2.260946668684482574e-02 1.134300511330366135e-02 6.142025813460350037e-05 6.672643125057220459e-03 1.263283379375934601e-02
2.303635329008102417e-02 1.089767180383205414e-02 2.817846834659576416e-04 5.951698869466781616e-03 1.268914341926574707e-02
1.566855609416961670e-02 9.898191317915916443e-03 2.706723753362894058e-03 6.455516908317804337e-03 1.183707453310489655e-02
=================================1.980632916092872620e-02 1.035969052463769913e-02 -3.764787106774747372e-04 4.792976193130016327e-03 1.516822911798954010e-02
1.008193567395210266e-02 1.334786415100097656e-02 4.144766367971897125e-03 1.003663172014057636e-03 1.279533933848142624e-02
2.279580198228359222e-02 1.202358119189739227e-02 -9.689730359241366386e-05 5.221097730100154877e-03 1.513907313346862793e-02
8.748782798647880554e-03 1.229702960699796677e-02 5.358065944164991379e-03 -7.436853833496570587e-03 1.037294603884220123e-02
1.898355223238468170e-02 1.012367382645606995e-02 -1.162667293101549149e-03 5.613180343061685562e-03 1.485011354088783264e-02
=================================2.406483516097068787e-02 1.443100161850452423e-02 5.330124404281377792e-04 4.750926978886127472e-03 1.642600633203983307e-02
2.445564232766628265e-02 1.498225610703229904e-02 5.661081522703170776e-04 5.259832832962274551e-03 1.549285184592008591e-02
2.442535571753978729e-02 1.499332301318645477e-02 -3.503431798890233040e-04 5.210711620748043060e-03 1.663686707615852356e-02
2.457669191062450409e-02 1.454078312963247299e-02 8.237004512920975685e-04 4.650925286114215851e-03 1.568818464875221252e-02
1.839287020266056061e-02 1.025591325014829636e-02 -2.252172213047742844e-03 4.565238952636718750e-03 1.377690955996513367e-02
=================================2.467725425958633423e-02 1.635153591632843018e-02 5.798765923827886581e-04 4.691448528319597244e-03 1.820615120232105255e-02
1.966931857168674469e-02 1.344189047813415527e-02 1.594219589605927467e-03 5.268370267003774643e-03 1.749824173748493195e-02
2.551200799643993378e-02 1.657298579812049866e-02 4.421136400196701288e-04 4.914141725748777390e-03 1.706600561738014221e-02
2.499587461352348328e-02 1.613520830869674683e-02 9.985972428694367409e-05 5.257104523479938507e-03 1.768028363585472107e-02
2.541109733283519745e-02 1.668341830372810364e-02 8.703972562216222286e-04 4.959017969667911530e-03 1.730572059750556946e-02
=================================1.869816146790981293e-02 1.663600467145442963e-02 -8.508290629833936691e-04 1.905484590679407120e-03 2.397653087973594666e-02
2.301494963467121124e-02 1.626473851501941681e-02 -5.078662652522325516e-04 5.438415333628654480e-03 1.886956393718719482e-02
2.464204840362071991e-02 1.624521426856517792e-02 3.892487147822976112e-04 4.002867732197046280e-03 1.913655363023281097e-02
2.051802538335323334e-02 1.566316746175289154e-02 -8.926652371883392334e-04 4.445760045200586319e-03 2.221505716443061829e-02
2.595517970621585846e-02 1.881050877273082733e-02 6.283324910327792168e-04 4.155711736530065536e-03 1.912460103631019592e-02
=================================2.697700820863246918e-02 1.969557628035545349e-02 9.585890802554786205e-04 3.445148700848221779e-03 2.076197229325771332e-02
1.529090944677591324e-02 8.697737008333206177e-03 -2.095566829666495323e-03 -3.469786606729030609e-03 8.340480271726846695e-04
2.666920609772205353e-02 1.973118819296360016e-02 8.023806731216609478e-04 3.850899403914809227e-03 2.137237787246704102e-02
2.136589586734771729e-02 1.715864799916744232e-02 -2.180663635954260826e-03 3.150705946609377861e-03 2.184090577065944672e-02
2.539535239338874817e-02 2.049661241471767426e-02 6.949820090085268021e-05 4.601918160915374756e-03 2.061953395605087280e-02
=================================2.782940492033958435e-02 2.164657041430473328e-02 1.075721578672528267e-03 3.224880667403340340e-03 2.266222238540649414e-02
2.478206716477870941e-02 2.102302014827728271e-02 -3.444444155320525169e-04 3.049511462450027466e-03 2.143091522157192230e-02
2.686737850308418274e-02 2.117715589702129364e-02 1.004246296361088753e-03 2.982805483043193817e-03 2.232680097222328186e-02
2.721032127737998962e-02 2.229599095880985260e-02 1.002306351438164711e-03 3.159212181344628334e-03 2.266071364283561707e-02
2.795196697115898132e-02 2.208791859447956085e-02 1.030625076964497566e-03 3.396132495254278183e-03 2.210783213376998901e-02
=================================2.372149564325809479e-02 2.013504318892955780e-02 -7.928987033665180206e-04 4.361229483038187027e-03 2.293400652706623077e-02
2.814611047506332397e-02 2.355913445353507996e-02 1.393035519868135452e-03 2.690949011594057083e-03 2.503965422511100769e-02
1.847907155752182007e-02 2.025545015931129456e-02 6.542206392623484135e-04 4.537956789135932922e-03 2.565726451575756073e-02
2.531017549335956573e-02 1.933433488011360168e-02 -1.301423879340291023e-03 3.537097945809364319e-03 2.381108328700065613e-02
2.816712856292724609e-02 2.370336651802062988e-02 1.613067346625030041e-03 2.655913121998310089e-03 2.419270761311054230e-02
=================================2.797703817486763000e-02 2.414510957896709442e-02 1.018110197037458420e-03 2.813588362187147141e-03 2.689375542104244232e-02
2.962792292237281799e-02 2.619420923292636871e-02 1.660746522247791290e-03 2.618782455101609230e-03 2.575220540165901184e-02
2.301187999546527863e-02 2.115307003259658813e-02 1.609792816452682018e-03 3.780977101996541023e-03 2.427085302770137787e-02
2.917084842920303345e-02 2.585001848638057709e-02 1.372534083202481270e-03 2.590168965980410576e-03 2.639759145677089691e-02
1.331627834588289261e-02 2.533855848014354706e-02 1.080534420907497406e-03 -5.850540008395910263e-03 2.124621532857418060e-02
=================================2.994994260370731354e-02 2.760135009884834290e-02 2.038019942119717598e-03 1.693758415058255196e-03 2.730438113212585449e-02
2.788209915161132812e-02 2.678341418504714966e-02 1.667423639446496964e-04 3.056762740015983582e-03 2.864664234220981598e-02
2.681217528879642487e-02 2.586130611598491669e-02 1.428029849193990231e-03 1.838953583501279354e-03 2.910381928086280823e-02
2.777677774429321289e-02 2.764261886477470398e-02 1.961364643648266792e-03 1.980309374630451202e-03 2.636815421283245087e-02
2.233861200511455536e-02 2.433179691433906555e-02 -3.498018719255924225e-03 8.319228654727339745e-04 2.595930732786655426e-02
=================================3.108758479356765747e-02 2.947100624442100525e-02 2.109563443809747696e-03 1.715383259579539299e-03 2.938963845372200012e-02
2.965837903320789337e-02 2.905071899294853210e-02 2.196086337789893150e-03 2.316499361768364906e-03 2.922488003969192505e-02
1.207787357270717621e-02 2.174837142229080200e-02 -3.124705050140619278e-03 -1.026155427098274231e-02 3.197497129440307617e-02
3.097472898662090302e-02 2.875091694295406342e-02 1.815143506973981857e-03 2.024627756327390671e-03 3.023373521864414215e-02
1.688237674534320831e-02 1.703234016895294189e-02 5.107093136757612228e-03 -3.700791858136653900e-03 1.883559860289096832e-02
=================================3.168927878141403198e-02 3.128699213266372681e-02 3.137478604912757874e-03 1.324017532169818878e-03 3.080369345843791962e-02
2.780409529805183411e-02 3.111406415700912476e-02 2.910428447648882866e-03 2.245164476335048676e-03 3.184299170970916748e-02
3.182495012879371643e-02 3.136442974209785461e-02 2.799277193844318390e-03 1.278225798159837723e-03 3.089730255305767059e-02
2.017611265182495117e-02 1.924586296081542969e-02 2.861218061298131943e-03 -3.700643777847290039e-03 3.002575598657131195e-02
2.632008120417594910e-02 2.930796146392822266e-02 1.788226189091801643e-03 -3.400377463549375534e-04 3.152932599186897278e-02
=================================8.992913179099559784e-03 2.182709239423274994e-02 2.045434433966875076e-03 -3.766518551856279373e-03 2.618118003010749817e-02
1.388047449290752411e-02 2.621168270707130432e-02 4.566440824419260025e-03 -8.114837110042572021e-04 2.369986101984977722e-02
2.945995144546031952e-02 3.040425106883049011e-02 1.400209963321685791e-03 2.224141731858253479e-03 3.201903775334358215e-02
3.269484639167785645e-02 3.338544443249702454e-02 3.539120778441429138e-03 5.874647758901119232e-04 3.270045295357704163e-02
3.153917938470840454e-02 3.204109147191047668e-02 3.428606782108545303e-03 1.382875838316977024e-03 3.215049952268600464e-02
=================================3.220313787460327148e-02 3.393561020493507385e-02 5.070849321782588959e-03 2.394831972196698189e-03 3.455656766891479492e-02
3.326942026615142822e-02 3.566667437553405762e-02 3.417818807065486908e-03 1.272919354960322380e-03 3.461109101772308350e-02
2.086059562861919403e-02 3.316393867135047913e-02 2.785887336358428001e-03 5.633733235299587250e-04 3.351593017578125000e-02
3.150942921638488770e-02 3.362096473574638367e-02 2.305854810401797295e-03 1.743445987813174725e-03 3.497848287224769592e-02
3.390884771943092346e-02 3.560918569564819336e-02 3.337898757308721542e-03 6.674518808722496033e-04 3.476653993129730225e-02
=================================3.445314243435859680e-02 3.744064271450042725e-02 4.096684977412223816e-03 6.861704168841242790e-04 3.635397925972938538e-02
1.931131235323846340e-03 2.744826674461364746e-02 5.125327501446008682e-03 -8.922903798520565033e-03 3.623164817690849304e-02
3.254006430506706238e-02 3.495455160737037659e-02 3.863606136292219162e-03 6.105324719101190567e-04 3.679028525948524475e-02
3.354017063975334167e-02 3.671018779277801514e-02 3.532944014295935631e-03 -4.682918079197406769e-04 3.767719119787216187e-02
1.914331316947937012e-02 2.486185356974601746e-02 3.720296081155538559e-04 -2.225021598860621452e-03 3.058808296918869019e-02
=================================3.482448682188987732e-02 3.839266672730445862e-02 4.315677564591169357e-03 8.623800240457057953e-04 3.907284140586853027e-02
3.450158983469009399e-02 3.801247850060462952e-02 4.520599730312824249e-03 6.090342067182064056e-04 3.972653299570083618e-02
3.501541540026664734e-02 3.883242979645729065e-02 4.454840440303087234e-03 9.215660393238067627e-04 3.817329555749893188e-02
3.526362776756286621e-02 3.874630108475685120e-02 3.787113353610038757e-03 1.352825900539755821e-03 3.879155218601226807e-02
3.373081237077713013e-02 3.679433465003967285e-02 3.870768006891012192e-03 3.727735020220279694e-04 3.707215562462806702e-02
=================================3.626121580600738525e-02 4.177413508296012878e-02 4.979231860488653183e-03 7.152415346354246140e-04 4.023922234773635864e-02
2.472960576415061951e-02 3.358371555805206299e-02 5.373795982450246811e-03 -2.865170827135443687e-03 3.742113336920738220e-02
3.573688119649887085e-02 4.130361601710319519e-02 4.688823595643043518e-03 4.847201053053140640e-04 4.197051003575325012e-02
3.618303686380386353e-02 4.209521040320396423e-02 5.642028059810400009e-03 1.651048660278320312e-04 4.037282988429069519e-02
3.165283799171447754e-02 3.519473969936370850e-02 4.508969839662313461e-03 -4.378240555524826050e-04 3.957108780741691589e-02
=================================3.773871436715126038e-02 4.353518411517143250e-02 6.194103509187698364e-03 -3.564707003533840179e-05 4.228946566581726074e-02
3.859727829694747925e-02 4.433201998472213745e-02 6.219030823558568954e-03 2.370262518525123596e-05 4.240995645523071289e-02
3.762444853782653809e-02 4.315178096294403076e-02 5.737764295190572739e-03 2.427718136459589005e-04 4.201293736696243286e-02
3.470021486282348633e-02 4.030874371528625488e-02 6.011764984577894211e-03 -1.119580818340182304e-03 4.275918006896972656e-02
3.772258013486862183e-02 4.363608360290527344e-02 6.043436005711555481e-03 5.973228253424167633e-04 4.285283014178276062e-02
=================================9.876780211925506592e-03 3.475251048803329468e-02 3.592541906982660294e-04 -4.183161072432994843e-03 2.867653593420982361e-02
3.929315134882926941e-02 4.565628245472908020e-02 6.147375330328941345e-03 -1.458823680877685547e-05 4.459172859787940979e-02
3.935524076223373413e-02 4.628316313028335571e-02 6.858137436211109161e-03 2.505802549421787262e-04 4.369942843914031982e-02
3.857159987092018127e-02 4.577428475022315979e-02 6.387445610016584396e-03 3.844709135591983795e-05 4.460951685905456543e-02
3.930013626813888550e-02 4.578111320734024048e-02 6.438138894736766815e-03 -7.280521094799041748e-05 4.414160549640655518e-02
=================================3.360280767083168030e-02 4.101123288273811340e-02 5.205792374908924103e-03 1.482170773670077324e-03 4.434212297201156616e-02
3.176346048712730408e-02 4.187998175621032715e-02 1.829287153668701649e-03 -5.377591587603092194e-04 4.577018693089485168e-02
2.647025138139724731e-02 4.086954519152641296e-02 6.676330231130123138e-03 3.321551019325852394e-03 4.517889022827148438e-02
3.941413015127182007e-02 4.750505089759826660e-02 7.326415739953517914e-03 -6.487779319286346436e-05 4.652439057826995850e-02
2.878996916115283966e-02 3.723543137311935425e-02 4.224884789437055588e-03 -1.460941508412361145e-03 4.397102817893028259e-02
=================================4.078415036201477051e-02 4.953400045633316040e-02 8.541754446923732758e-03 3.448631614446640015e-04 4.767019674181938171e-02
2.783156558871269226e-02 3.702329471707344055e-02 7.990205660462379456e-03 -2.014342462643980980e-03 3.807672113180160522e-02
3.400471806526184082e-02 4.345233365893363953e-02 8.222226984798908234e-03 -3.663857933133840561e-04 4.569846019148826599e-02
3.921083360910415649e-02 4.929701611399650574e-02 9.184597991406917572e-03 6.753846537321805954e-04 4.843246936798095703e-02
2.670081146061420441e-02 4.105414450168609619e-02 7.866085506975650787e-03 -6.460607051849365234e-03 4.262299835681915283e-02
=================================3.825431317090988159e-02 4.786058142781257629e-02 6.665094289928674698e-03 2.157607581466436386e-03 4.773668572306632996e-02
4.219380766153335571e-02 5.229272693395614624e-02 9.232252836227416992e-03 7.906043902039527893e-05 4.961068555712699890e-02
4.130285233259201050e-02 5.097622424364089966e-02 9.025800973176956177e-03 -8.842740207910537720e-04 5.140561237931251526e-02
4.182538762688636780e-02 5.266570672392845154e-02 9.033273905515670776e-03 2.295470330864191055e-04 5.007341876626014709e-02
3.426879644393920898e-02 4.871658235788345337e-02 8.590565994381904602e-03 8.992094080895185471e-04 4.807435348629951477e-02
=================================4.297667741775512695e-02 5.398152396082878113e-02 1.014855317771434784e-02 1.437722705304622650e-03 5.097858235239982605e-02
3.717342764139175415e-02 4.454728960990905762e-02 8.940603584051132202e-03 -1.906264573335647583e-03 5.193118005990982056e-02
3.978573530912399292e-02 5.228722095489501953e-02 1.063621416687965393e-02 7.291277870535850525e-04 5.167406424880027771e-02
2.089673094451427460e-02 3.623110055923461914e-02 3.894819412380456924e-03 -9.869514033198356628e-03 4.754953831434249878e-02
4.381948709487915039e-02 5.465195327997207642e-02 9.969231672585010529e-03 -3.278488293290138245e-05 5.148014426231384277e-02
=================================4.206805676221847534e-02 5.346299335360527039e-02 1.157098915427923203e-02 -1.200395636260509491e-04 5.317266285419464111e-02
2.505834959447383881e-02 4.290107637643814087e-02 8.340001106262207031e-03 5.574221722781658173e-04 4.862967133522033691e-02
3.166967257857322693e-02 4.999160766601562500e-02 8.693417534232139587e-03 -4.508285783231258392e-04 5.258251726627349854e-02
3.958974406123161316e-02 5.270756036043167114e-02 8.671386167407035828e-03 3.358582034707069397e-04 5.210506170988082886e-02
8.862281218171119690e-03 3.492803126573562622e-02 1.147482637315988541e-02 -1.376108638942241669e-02 5.003509297966957092e-02
=================================4.491578042507171631e-02 5.690169706940650940e-02 1.144853979349136353e-02 1.284157158806920052e-03 5.556510016322135925e-02
1.186954509466886520e-02 4.191181808710098267e-02 1.492612622678279877e-02 -5.998882930725812912e-03 4.128681868314743042e-02
4.627940803766250610e-02 5.824298411607742310e-02 1.204029563814401627e-02 3.939592279493808746e-04 5.600933358073234558e-02
3.749109059572219849e-02 5.163128301501274109e-02 9.709538891911506653e-03 1.370121492072939873e-03 5.679603666067123413e-02
4.637313634157180786e-02 5.855155363678932190e-02 1.242478750646114349e-02 1.186356181278824806e-03 5.576480180025100708e-02
=================================4.799864441156387329e-02 6.069247052073478699e-02 1.276718545705080032e-02 1.517839962616562843e-03 5.753689259290695190e-02
3.216219693422317505e-02 4.798386245965957642e-02 1.502908952534198761e-02 4.408909007906913757e-04 5.600295588374137878e-02
4.442016035318374634e-02 5.725011974573135376e-02 1.286896970123052597e-02 4.004914779216051102e-03 5.754835531115531921e-02
4.249010607600212097e-02 5.350717902183532715e-02 1.379263401031494141e-02 3.058318048715591431e-03 5.861691012978553772e-02
4.787201061844825745e-02 6.046466529369354248e-02 1.316538173705339432e-02 1.226604916155338287e-03 5.742295086383819580e-02
=================================1.358913071453571320e-02 4.493786394596099854e-02 8.817101828753948212e-03 -8.168056607246398926e-03 5.557317659258842468e-02
3.554105758666992188e-02 5.146757885813713074e-02 1.484211627393960953e-02 6.460295990109443665e-04 6.124253198504447937e-02
4.780238866806030273e-02 6.185888499021530151e-02 1.411520689725875854e-02 2.246937481686472893e-03 5.903045460581779480e-02
3.992197662591934204e-02 5.495528876781463623e-02 1.360865402966737747e-02 3.300706390291452408e-03 5.902902036905288696e-02
4.684262350201606750e-02 6.089664995670318604e-02 1.417271140962839127e-02 3.745458088815212250e-03 5.838757753372192383e-02
=================================1.541855745017528534e-02 4.096444696187973022e-02 9.806582704186439514e-03 -7.513160817325115204e-03 4.727065563201904297e-02
5.025649815797805786e-02 6.405884027481079102e-02 1.576298661530017853e-02 2.857421757653355598e-03 6.090723350644111633e-02
2.333379350602626801e-02 4.331580176949501038e-02 9.104999713599681854e-03 5.484628491103649139e-04 5.171393603086471558e-02
4.873641207814216614e-02 6.241978704929351807e-02 1.480832695960998535e-02 3.138263942673802376e-03 6.140326336026191711e-02
4.719527810811996460e-02 6.016536802053451538e-02 1.491270586848258972e-02 2.477475209161639214e-03 6.187570840120315552e-02
=================================4.932095855474472046e-02 6.345038861036300659e-02 1.787025667726993561e-02 3.950030542910099030e-03 6.323869526386260986e-02
5.234490334987640381e-02 6.752291321754455566e-02 1.645791716873645782e-02 2.630292437970638275e-03 6.344705075025558472e-02
5.123797059059143066e-02 6.600500643253326416e-02 1.661100052297115326e-02 3.309639403596520424e-03 6.304095685482025146e-02
4.969794303178787231e-02 6.395672261714935303e-02 1.700907945632934570e-02 2.802810631692409515e-03 6.340818107128143311e-02
4.941403120756149292e-02 6.302917003631591797e-02 1.658316515386104584e-02 2.926815301179885864e-03 6.371964514255523682e-02
=================================4.498736187815666199e-02 5.674856156110763550e-02 1.655079796910285950e-02 2.262020949274301529e-03 6.475519388914108276e-02
4.778034985065460205e-02 6.477398425340652466e-02 1.689539290964603424e-02 5.459002684801816940e-03 6.487952917814254761e-02
5.099085718393325806e-02 6.318541616201400757e-02 1.708277687430381775e-02 3.123954636976122856e-03 6.468643248081207275e-02
5.361491441726684570e-02 6.942781060934066772e-02 1.809514313936233521e-02 3.956939093768596649e-03 6.496199965476989746e-02
5.328249931335449219e-02 6.819044798612594604e-02 1.780748739838600159e-02 3.940141294151544571e-03 6.515984237194061279e-02
=================================2.488428913056850433e-02 3.823400661349296570e-02 2.368997037410736084e-02 -1.039067935198545456e-02 5.948018655180931091e-02
4.791983217000961304e-02 6.227500364184379578e-02 1.657846942543983459e-02 6.674000062048435211e-03 6.792413443326950073e-02
5.545859038829803467e-02 7.128142565488815308e-02 1.934397220611572266e-02 5.037653725594282150e-03 6.684795022010803223e-02
3.676099330186843872e-02 5.710078030824661255e-02 2.041227929294109344e-02 2.477351576089859009e-03 6.571397930383682251e-02
5.256129056215286255e-02 6.812465190887451172e-02 1.997555233538150787e-02 5.253149196505546570e-03 6.633022427558898926e-02
=================================5.659035965800285339e-02 7.257876545190811157e-02 2.004779130220413208e-02 5.337507463991641998e-03 6.850034743547439575e-02
5.304441973567008972e-02 6.991601735353469849e-02 2.115010470151901245e-02 5.064417608082294464e-03 6.933954358100891113e-02
5.714956298470497131e-02 7.326363027095794678e-02 1.962576061487197876e-02 5.552539136260747910e-03 6.877595186233520508e-02
4.362573474645614624e-02 6.332017481327056885e-02 2.099868282675743103e-02 5.701919086277484894e-03 6.534281373023986816e-02
5.556576326489448547e-02 7.089782506227493286e-02 2.098236232995986938e-02 6.251610815525054932e-03 6.921932846307754517e-02
=================================5.477247387170791626e-02 7.059989869594573975e-02 2.096752822399139404e-02 7.606254424899816513e-03 7.122660428285598755e-02
3.767773136496543884e-02 5.894846841692924500e-02 2.999962493777275085e-02 6.457224953919649124e-03 5.873228982090950012e-02
4.855125769972801208e-02 6.382282823324203491e-02 2.134637907147407532e-02 5.909741856157779694e-03 6.588402390480041504e-02
2.631919085979461670e-02 3.946208953857421875e-02 2.755603194236755371e-02 1.248252112418413162e-03 5.721328034996986389e-02
5.697261542081832886e-02 7.300516217947006226e-02 2.189357765018939972e-02 6.534448824822902679e-03 6.927525997161865234e-02
=================================6.023497506976127625e-02 7.679060101509094238e-02 2.173342928290367126e-02 7.728843018412590027e-03 7.041066139936447144e-02
4.283777251839637756e-02 5.664235353469848633e-02 2.515733614563941956e-02 2.938040066510438919e-03 6.741389632225036621e-02
4.772785305976867676e-02 6.556365638971328735e-02 2.317432314157485962e-02 8.027176372706890106e-03 6.957392394542694092e-02
6.073069944977760315e-02 7.737713307142257690e-02 2.185632474720478058e-02 7.443928159773349762e-03 7.088758796453475952e-02
5.797576531767845154e-02 7.294997572898864746e-02 2.335526049137115479e-02 7.473747245967388153e-03 7.087179273366928101e-02
=================================3.878394141793251038e-02 6.215520203113555908e-02 2.367048338055610657e-02 5.576521158218383789e-03 6.964248418807983398e-02
6.167631223797798157e-02 7.855790108442306519e-02 2.319189906120300293e-02 8.862911723554134369e-03 7.162143290042877197e-02
5.305815115571022034e-02 6.873599439859390259e-02 2.550553902983665466e-02 7.623726967722177505e-03 7.022007554769515991e-02
5.824830010533332825e-02 7.515873014926910400e-02 2.277613244950771332e-02 9.298263117671012878e-03 7.271353155374526978e-02
4.272573813796043396e-02 5.947760865092277527e-02 3.049601055681705475e-02 4.926605150103569031e-03 6.929846853017807007e-02
=================================5.842259526252746582e-02 7.519777864217758179e-02 2.451827749609947205e-02 9.054839611053466797e-03 7.373017072677612305e-02
6.201435625553131104e-02 7.848288863897323608e-02 2.447516843676567078e-02 9.849458001554012299e-03 7.326359301805496216e-02
6.166641414165496826e-02 7.868093997240066528e-02 2.501695975661277771e-02 1.000114344060420990e-02 7.247432321310043335e-02
6.292778998613357544e-02 8.012198656797409058e-02 2.412640862166881561e-02 1.050086785107851028e-02 7.302214205265045166e-02
6.339944154024124146e-02 7.994394749402999878e-02 2.410588040947914124e-02 1.040021795779466629e-02 7.323806732892990112e-02
=================================6.405793130397796631e-02 8.114722371101379395e-02 2.477038279175758362e-02 1.082379091531038284e-02 7.395532727241516113e-02
6.473340094089508057e-02 8.194089680910110474e-02 2.494095638394355774e-02 1.157142221927642822e-02 7.446699589490890503e-02
6.057447940111160278e-02 7.836580276489257812e-02 2.527363970875740051e-02 1.144048850983381271e-02 7.383232563734054565e-02
2.141739055514335632e-02 4.759331792593002319e-02 2.586572244763374329e-02 -6.579104810953140259e-04 7.323212921619415283e-02
5.712796002626419067e-02 7.266888022422790527e-02 2.767087146639823914e-02 8.900958113372325897e-03 7.405408471822738647e-02
=================================6.388191133737564087e-02 7.932713627815246582e-02 2.686126902699470520e-02 1.273441035300493240e-02 7.497309148311614990e-02
6.590785831212997437e-02 8.247926086187362671e-02 2.520836144685745239e-02 1.233281288295984268e-02 7.443763315677642822e-02
6.405723839998245239e-02 8.080144226551055908e-02 2.590021863579750061e-02 1.273146271705627441e-02 7.497548311948776245e-02
5.815883725881576538e-02 7.754890620708465576e-02 2.585338056087493896e-02 1.228857506066560745e-02 7.395654171705245972e-02
6.642643362283706665e-02 8.308660238981246948e-02 2.523143589496612549e-02 1.246508397161960602e-02 7.439984381198883057e-02
=================================6.179823726415634155e-02 7.774461805820465088e-02 2.772283740341663361e-02 1.213919743895530701e-02 7.642702013254165649e-02
5.684993043541908264e-02 7.498734444379806519e-02 2.925613150000572205e-02 8.190778084099292755e-03 7.741787284612655640e-02
6.663114577531814575e-02 8.334905654191970825e-02 2.589052356779575348e-02 1.336592808365821838e-02 7.516668736934661865e-02
6.786443293094635010e-02 8.457207679748535156e-02 2.560183964669704437e-02 1.317993085831403732e-02 7.529164850711822510e-02
6.820565462112426758e-02 8.489328622817993164e-02 2.504547499120235443e-02 1.328230090439319611e-02 7.508744299411773682e-02
=================================6.902600079774856567e-02 8.487788587808609009e-02 2.611500583589076996e-02 1.468795351684093475e-02 7.584368437528610229e-02
6.983534246683120728e-02 8.558285981416702271e-02 2.483251132071018219e-02 1.444833166897296906e-02 7.531239837408065796e-02
6.444030255079269409e-02 7.830203324556350708e-02 2.894477546215057373e-02 1.549661718308925629e-02 7.515392452478408813e-02
5.792514979839324951e-02 7.220155000686645508e-02 3.000655211508274078e-02 1.253458485007286072e-02 7.823532074689865112e-02
6.886450946331024170e-02 8.466393500566482544e-02 2.573755010962486267e-02 1.446786709129810333e-02 7.518766075372695923e-02
=================================6.000668182969093323e-02 7.349856942892074585e-02 3.080410510301589966e-02 1.356271840631961823e-02 7.649693638086318970e-02
4.229431599378585815e-02 5.829384177923202515e-02 3.352547436952590942e-02 5.235194228589534760e-03 7.510428875684738159e-02
6.369708478450775146e-02 7.517459988594055176e-02 2.777434885501861572e-02 1.668531075119972229e-02 7.492021471261978149e-02
3.664961457252502441e-02 5.068648234009742737e-02 3.751530498266220093e-02 2.808442339301109314e-03 7.393057644367218018e-02
6.892480701208114624e-02 8.221016824245452881e-02 2.695339173078536987e-02 1.519745960831642151e-02 7.640061527490615845e-02
=================================7.254629582166671753e-02 8.615501970052719116e-02 2.488635107874870300e-02 1.614956185221672058e-02 7.595837861299514771e-02
7.276058197021484375e-02 8.585115522146224976e-02 2.443932369351387024e-02 1.656117103993892670e-02 7.592839747667312622e-02
2.530522458255290985e-02 4.473362863063812256e-02 3.193866834044456482e-02 1.104023680090904236e-02 6.375244259834289551e-02
6.711447238922119141e-02 7.890487462282180786e-02 2.823258936405181885e-02 1.498218160122632980e-02 7.508730888366699219e-02
7.224770635366439819e-02 8.534967154264450073e-02 2.510827407240867615e-02 1.594208367168903351e-02 7.653072476387023926e-02
=================================6.816446781158447266e-02 7.799321413040161133e-02 2.823180146515369415e-02 1.464583352208137512e-02 7.719003409147262573e-02
7.349375635385513306e-02 8.478545397520065308e-02 2.483130618929862976e-02 1.662609726190567017e-02 7.652585953474044800e-02
7.476715743541717529e-02 8.643792569637298584e-02 2.311109006404876709e-02 1.710608415305614471e-02 7.610194385051727295e-02
7.405384629964828491e-02 8.546396344900131226e-02 2.392332255840301514e-02 1.743927784264087677e-02 7.617489248514175415e-02
7.072002440690994263e-02 8.154876530170440674e-02 2.693362720310688019e-02 1.663239859044551849e-02 7.604164630174636841e-02
=================================6.639103591442108154e-02 7.519824057817459106e-02 2.831238880753517151e-02 1.652995869517326355e-02 7.839652150869369507e-02
6.774082034826278687e-02 7.443750649690628052e-02 2.807116135954856873e-02 1.588263176381587982e-02 7.705929875373840332e-02
7.616411149501800537e-02 8.507900685071945190e-02 2.233131974935531616e-02 1.795149222016334534e-02 7.659888267517089844e-02
6.313272565603256226e-02 7.157414406538009644e-02 2.641282603144645691e-02 1.234522834420204163e-02 7.536943256855010986e-02
4.629070311784744263e-02 5.618898570537567139e-02 3.443842381238937378e-02 1.140951737761497498e-02 7.740660011768341064e-02
=================================7.439170777797698975e-02 7.846307009458541870e-02 2.365745604038238525e-02 1.717980392277240753e-02 7.813645899295806885e-02
7.483021914958953857e-02 8.030901849269866943e-02 2.310646139085292816e-02 1.749256998300552368e-02 7.875670492649078369e-02
7.244155555963516235e-02 7.752387225627899170e-02 2.611175924539566040e-02 1.693666540086269379e-02 7.836875319480895996e-02
7.632777094841003418e-02 8.178023248910903931e-02 2.268294990062713623e-02 1.858539879322052002e-02 7.777030020952224731e-02
7.740757614374160767e-02 8.291932195425033569e-02 2.160416543483734131e-02 1.812699437141418457e-02 7.765324413776397705e-02
=================================7.319352775812149048e-02 7.454175502061843872e-02 2.580744773149490356e-02 1.803582534193992615e-02 7.884204387664794922e-02
7.929111272096633911e-02 8.069036900997161865e-02 2.035260573029518127e-02 1.863736659288406372e-02 7.861687988042831421e-02
7.438034564256668091e-02 7.404888421297073364e-02 2.367928251624107361e-02 1.730549335479736328e-02 7.917528599500656128e-02
7.922166585922241211e-02 8.094522356986999512e-02 1.981814205646514893e-02 1.917588710784912109e-02 7.820288091897964478e-02
6.007822975516319275e-02 6.091134250164031982e-02 2.969640120863914490e-02 1.357509568333625793e-02 7.902541756629943848e-02
=================================8.103808015584945679e-02 7.812143117189407349e-02 1.859433948993682861e-02 1.995694264769554138e-02 7.984662055969238281e-02
8.090327680110931396e-02 7.867460697889328003e-02 1.897625997662544250e-02 1.967917755246162415e-02 7.978861778974533081e-02
5.856605991721153259e-02 5.778283625841140747e-02 2.787349000573158264e-02 1.027714740484952927e-02 7.784992456436157227e-02
3.870842233300209045e-02 4.407281801104545593e-02 3.777737542986869812e-02 6.832263432443141937e-03 8.649168908596038818e-02
7.734809815883636475e-02 7.397288829088211060e-02 2.163516357541084290e-02 1.879072934389114380e-02 8.015579730272293091e-02
=================================8.288798481225967407e-02 7.558359950780868530e-02 1.634913310408592224e-02 2.056871354579925537e-02 8.139088749885559082e-02
8.325845748186111450e-02 7.530413568019866943e-02 1.603722758591175079e-02 2.055890858173370361e-02 8.133629709482192993e-02
8.237696439027786255e-02 7.413174211978912354e-02 1.737877167761325836e-02 2.009486779570579529e-02 8.200396597385406494e-02
8.172354102134704590e-02 7.369799166917800903e-02 1.718578860163688660e-02 2.046239562332630157e-02 8.195005357265472412e-02
6.708943098783493042e-02 6.325321644544601440e-02 2.275457605719566345e-02 1.449251361191272736e-02 8.234731853008270264e-02
=================================8.592852950096130371e-02 7.141367346048355103e-02 1.467446144670248032e-02 2.179113961756229401e-02 8.450339734554290771e-02
6.950882822275161743e-02 5.439271777868270874e-02 2.737445384263992310e-02 1.218854729086160660e-02 8.724319934844970703e-02
8.123325556516647339e-02 6.760183721780776978e-02 1.967306062579154968e-02 1.983755081892013550e-02 8.519939333200454712e-02
8.372076600790023804e-02 6.954623013734817505e-02 1.691639237105846405e-02 2.159520611166954041e-02 8.533367514610290527e-02
8.310946822166442871e-02 6.843341141939163208e-02 1.690715923905372620e-02 2.078709565103054047e-02 8.566628396511077881e-02
=================================7.476688176393508911e-02 6.123822927474975586e-02 2.961224317550659180e-02 2.239120379090309143e-02 8.859211951494216919e-02
7.472667098045349121e-02 6.158256530761718750e-02 2.919799275696277618e-02 2.361909300088882446e-02 8.296027779579162598e-02
8.417048305273056030e-02 6.770972162485122681e-02 2.365960925817489624e-02 2.732679620385169983e-02 8.632835745811462402e-02
8.905853331089019775e-02 7.359275221824645996e-02 1.939029991626739502e-02 2.916776388883590698e-02 8.552160859107971191e-02
8.742654323577880859e-02 7.256095111370086670e-02 2.083744481205940247e-02 2.819987386465072632e-02 8.547483384609222412e-02
=================================9.021063894033432007e-02 6.940061599016189575e-02 2.377813681960105896e-02 3.396207839250564575e-02 9.234633296728134155e-02
7.752445340156555176e-02 6.105361133813858032e-02 3.355158492922782898e-02 2.812822163105010986e-02 9.341498464345932007e-02
9.148091077804565430e-02 7.169596850872039795e-02 2.226222865283489227e-02 3.334129974246025085e-02 9.268867969512939453e-02
8.836248517036437988e-02 6.944085657596588135e-02 2.445746958255767822e-02 3.314476460218429565e-02 9.239226579666137695e-02
8.147476613521575928e-02 6.323676556348800659e-02 3.206741809844970703e-02 2.782111614942550659e-02 9.250802546739578247e-02
=================================9.066379070281982422e-02 7.692139595746994019e-02 2.588010579347610474e-02 3.673531115055084229e-02 8.900666981935501099e-02
3.079993464052677155e-02 3.529822453856468201e-02 3.644724190235137939e-02 1.219957787543535233e-02 1.001064032316207886e-01
8.790780603885650635e-02 7.430668920278549194e-02 2.899299003183841705e-02 3.533061593770980835e-02 8.909455686807632446e-02
5.354056879878044128e-02 5.246086046099662781e-02 4.436745494604110718e-02 1.816721819341182709e-02 8.969026058912277222e-02
8.829873055219650269e-02 7.542841881513595581e-02 2.819734625518321991e-02 3.597262501716613770e-02 8.896950632333755493e-02
=================================8.687311410903930664e-02 7.022515684366226196e-02 3.359786793589591980e-02 3.518480435013771057e-02 9.383179247379302979e-02
8.678112924098968506e-02 6.950882822275161743e-02 3.225469961762428284e-02 3.466003015637397766e-02 9.554401785135269165e-02
9.663842618465423584e-02 7.834170758724212646e-02 2.291076071560382843e-02 4.067267477512359619e-02 9.447398781776428223e-02
7.482610642910003662e-02 6.107170879840850830e-02 3.468221798539161682e-02 2.497455477714538574e-02 9.836629778146743774e-02
9.489347040653228760e-02 7.668312638998031616e-02 2.620865777134895325e-02 4.025491699576377869e-02 9.535653144121170044e-02
=================================8.693630248308181763e-02 7.817897945642471313e-02 3.845866769552230835e-02 3.654909878969192505e-02 9.091000258922576904e-02
7.783945649862289429e-02 7.109368592500686646e-02 4.332714527845382690e-02 3.122453391551971436e-02 9.116727113723754883e-02
8.612737804651260376e-02 7.716163247823715210e-02 3.788682445883750916e-02 3.690492361783981323e-02 8.797080814838409424e-02
7.512904703617095947e-02 6.917326152324676514e-02 4.522906988859176636e-02 2.875128388404846191e-02 9.010025858879089355e-02
2.352654375135898590e-02 3.421245515346527100e-02 4.277487844228744507e-02 1.413631252944469452e-02 9.678097069263458252e-02
=================================7.882837206125259399e-02 6.783389300107955933e-02 4.341981932520866394e-02 3.133865445852279663e-02 9.811782836914062500e-02
8.991767466068267822e-02 7.160831987857818604e-02 3.698975220322608948e-02 4.055459424853324890e-02 9.550082683563232422e-02
9.865403920412063599e-02 7.979065924882888794e-02 3.015406429767608643e-02 4.445965215563774109e-02 9.765066951513290405e-02
9.628138691186904907e-02 7.772832363843917847e-02 3.306770324707031250e-02 4.354198649525642395e-02 9.833347052335739136e-02
5.798328295350074768e-02 5.554168671369552612e-02 4.962480813264846802e-02 1.677979156374931335e-02 1.039995029568672180e-01
=================================8.811593800783157349e-02 8.124874532222747803e-02 4.112666472792625427e-02 3.970911726355552673e-02 9.498801082372665405e-02
2.974725887179374695e-02 4.316881299018859863e-02 4.448052123188972473e-02 1.815999858081340790e-02 1.068987995386123657e-01
9.319480508565902710e-02 8.523172885179519653e-02 3.814576938748359680e-02 4.421477019786834717e-02 9.304311871528625488e-02
9.403970092535018921e-02 8.665883541107177734e-02 3.583903983235359192e-02 4.429417103528976440e-02 9.241300821304321289e-02
9.366547316312789917e-02 8.602467179298400879e-02 3.650507703423500061e-02 4.416384920477867126e-02 9.283167123794555664e-02
=================================1.001755967736244202e-01 8.491510152816772461e-02 3.564798086881637573e-02 5.018930137157440186e-02 9.919317066669464111e-02
9.917651861906051636e-02 8.419665694236755371e-02 3.626466915011405945e-02 4.980255663394927979e-02 9.990206360816955566e-02
9.861005097627639771e-02 8.401903510093688965e-02 3.697962313890457153e-02 4.960655048489570618e-02 9.930948168039321899e-02
9.982945770025253296e-02 8.432802557945251465e-02 3.603734076023101807e-02 5.003375187516212463e-02 9.925950318574905396e-02
9.687774628400802612e-02 8.280524611473083496e-02 3.937607631087303162e-02 4.885797947645187378e-02 9.953083842992782593e-02
=================================9.262787550687789917e-02 8.717362582683563232e-02 4.518017545342445374e-02 4.912025481462478638e-02 9.451831877231597900e-02
9.603890031576156616e-02 8.956199884414672852e-02 4.172630235552787781e-02 5.044808611273765564e-02 9.451185911893844604e-02
9.469108283519744873e-02 8.882509171962738037e-02 4.304444417357444763e-02 5.062497034668922424e-02 9.481552243232727051e-02
8.986305445432662964e-02 8.480111509561538696e-02 4.689527302980422974e-02 4.812975227832794189e-02 9.559311717748641968e-02
9.038403630256652832e-02 8.521656692028045654e-02 4.692589119076728821e-02 4.690020531415939331e-02 9.715501964092254639e-02
=================================1.016285791993141174e-01 8.763480186462402344e-02 3.960631042718887329e-02 5.656766891479492188e-02 1.027379706501960754e-01
9.245587885379791260e-02 7.963281869888305664e-02 4.999393597245216370e-02 5.009041726589202881e-02 1.026944145560264587e-01
7.977978885173797607e-02 7.052011787891387939e-02 5.715453624725341797e-02 4.367379844188690186e-02 1.020154878497123718e-01
6.179223582148551941e-02 5.986337363719940186e-02 6.027233973145484924e-02 3.241229057312011719e-02 1.038536205887794495e-01
8.723815530538558960e-02 8.035163581371307373e-02 5.218845978379249573e-02 4.921232908964157104e-02 1.004642322659492493e-01
=================================9.266297519207000732e-02 8.906903862953186035e-02 5.037625879049301147e-02 5.313237756490707397e-02 9.778273105621337891e-02
7.490769028663635254e-02 8.129083365201950073e-02 5.911738425493240356e-02 4.162286594510078430e-02 9.917812049388885498e-02
9.768497943878173828e-02 9.294752031564712524e-02 4.495115205645561218e-02 5.539495497941970825e-02 9.660578519105911255e-02
9.604953229427337646e-02 9.178970754146575928e-02 4.700794816017150879e-02 5.527938529849052429e-02 9.711319953203201294e-02
8.682735264301300049e-02 8.535692840814590454e-02 5.324317887425422668e-02 4.705987125635147095e-02 9.798043221235275269e-02
=================================1.026311665773391724e-01 9.028760343790054321e-02 5.195566266775131226e-02 6.341919302940368652e-02 1.126863807439804077e-01
1.052820086479187012e-01 9.142723679542541504e-02 4.892887175083160400e-02 6.532478332519531250e-02 1.129931956529617310e-01
7.871733605861663818e-02 7.448688149452209473e-02 6.971798837184906006e-02 4.621416702866554260e-02 1.106232851743698120e-01
9.312415122985839844e-02 8.507806807756423950e-02 5.906397104263305664e-02 5.748672038316726685e-02 1.126204133033752441e-01
1.065732836723327637e-01 9.220203012228012085e-02 4.725565761327743530e-02 6.540866196155548096e-02 1.129446476697921753e-01
=================================1.033144518733024597e-01 9.659957885742187500e-02 5.106049776077270508e-02 6.505373120307922363e-02 1.039844825863838196e-01
6.111142039299011230e-02 6.870996206998825073e-02 6.984815746545791626e-02 3.621303290128707886e-02 1.058483496308326721e-01
7.790026813745498657e-02 8.109833300113677979e-02 6.884606927633285522e-02 4.576709121465682983e-02 1.020535826683044434e-01
9.479267895221710205e-02 8.989319205284118652e-02 6.003306806087493896e-02 5.886707454919815063e-02 1.042107045650482178e-01
5.003699287772178650e-02 5.748729035258293152e-02 6.397240608930587769e-02 2.519319392740726471e-02 1.126599088311195374e-01
=================================6.294161081314086914e-02 6.867134571075439453e-02 7.398520410060882568e-02 3.967361152172088623e-02 1.192614734172821045e-01
7.140440493822097778e-02 7.292292267084121704e-02 7.011025398969650269e-02 4.360754042863845825e-02 1.129385158419609070e-01
6.228773295879364014e-02 6.528513878583908081e-02 7.251819968223571777e-02 4.002277180552482605e-02 1.095733046531677246e-01
1.100569739937782288e-01 9.336589276790618896e-02 5.294650420546531677e-02 7.238908112049102783e-02 1.151149049401283264e-01
1.103919893503189087e-01 9.378974139690399170e-02 5.247642099857330322e-02 7.316201925277709961e-02 1.154543757438659668e-01
=================================6.164150685071945190e-02 7.052595913410186768e-02 7.302191853523254395e-02 3.822137787938117981e-02 1.069631576538085938e-01
1.078999564051628113e-01 9.841800481081008911e-02 5.501223355531692505e-02 7.322404533624649048e-02 1.083251535892486572e-01
8.929044753313064575e-02 8.942127972841262817e-02 6.990502029657363892e-02 5.847071856260299683e-02 1.058537885546684265e-01
9.831433743238449097e-02 9.474512189626693726e-02 6.302823871374130249e-02 6.814181804656982422e-02 1.084946393966674805e-01
1.083130910992622375e-01 9.884634613990783691e-02 5.402754247188568115e-02 7.380852848291397095e-02 1.073282361030578613e-01
=================================8.623991906642913818e-02 8.295034617185592651e-02 7.140953838825225830e-02 6.092239543795585632e-02 1.143884062767028809e-01
9.422594308853149414e-02 8.659502118825912476e-02 6.929288059473037720e-02 6.681425869464874268e-02 1.158617138862609863e-01
1.108947396278381348e-01 9.608454257249832153e-02 6.098569929599761963e-02 8.061990886926651001e-02 1.154451668262481689e-01
1.061146408319473267e-01 9.293993562459945679e-02 6.523337215185165405e-02 7.653418928384780884e-02 1.158567667007446289e-01
1.027827411890029907e-01 9.016127139329910278e-02 6.830403953790664673e-02 7.331171631813049316e-02 1.157698407769203186e-01
=================================1.060589998960494995e-01 1.031094416975975037e-01 6.523292511701583862e-02 7.810667902231216431e-02 1.008577495813369751e-01
7.013127952814102173e-02 8.128801733255386353e-02 8.037615567445755005e-02 4.611067473888397217e-02 1.040699183940887451e-01
1.056536436080932617e-01 1.017291247844696045e-01 6.499444693326950073e-02 7.806456089019775391e-02 1.022775620222091675e-01
1.001341640949249268e-01 9.781441837549209595e-02 7.049673050642013550e-02 7.280243933200836182e-02 1.027652099728584290e-01
9.107853472232818604e-02 9.472288936376571655e-02 7.624612003564834595e-02 6.625588238239288330e-02 1.030884906649589539e-01
=================================6.218535453081130981e-02 7.605900615453720093e-02 8.721787482500076294e-02 5.764880031347274780e-02 1.205422058701515198e-01
5.839762464165687561e-02 6.953943520784378052e-02 9.011448174715042114e-02 4.516110569238662720e-02 1.252108514308929443e-01
1.137400791049003601e-01 1.006688997149467468e-01 7.081735134124755859e-02 9.153163433074951172e-02 1.182234063744544983e-01
8.484525978565216064e-02 8.699012547731399536e-02 8.792637288570404053e-02 6.445536762475967407e-02 1.166560798883438110e-01
1.139383837580680847e-01 1.014017984271049500e-01 7.125000655651092529e-02 9.151769429445266724e-02 1.178799495100975037e-01
=================================8.607215434312820435e-02 9.073370695114135742e-02 8.349739015102386475e-02 6.329361349344253540e-02 1.081089004874229431e-01
9.825465828180313110e-02 9.987247735261917114e-02 8.164436370134353638e-02 7.532393187284469604e-02 1.062207669019699097e-01
6.372728943824768066e-02 7.663432508707046509e-02 9.208378195762634277e-02 4.282354563474655151e-02 1.087166741490364075e-01
1.097783371806144714e-01 1.051179543137550354e-01 7.119154930114746094e-02 8.496775478124618530e-02 1.064472496509552002e-01
1.047359704971313477e-01 1.018481925129890442e-01 7.785205543041229248e-02 8.022211492061614990e-02 1.063815727829933167e-01
=================================1.074562221765518188e-01 9.952986240386962891e-02 7.951383292675018311e-02 8.700910955667495728e-02 1.169703975319862366e-01
1.024508774280548096e-01 9.629036486148834229e-02 8.194933831691741943e-02 8.426608145236968994e-02 1.161550730466842651e-01
4.060858860611915588e-02 3.866031393408775330e-02 7.190547883510589600e-02 2.627936750650405884e-02 1.303785890340805054e-01
1.193254292011260986e-01 1.036128848791122437e-01 6.841104477643966675e-02 9.778302162885665894e-02 1.195227801799774170e-01
1.183310300111770630e-01 1.033072471618652344e-01 6.996759772300720215e-02 9.812120348215103149e-02 1.191051974892616272e-01
=================================1.122009828686714172e-01 1.077030003070831299e-01 7.278312742710113525e-02 8.864621818065643311e-02 1.015894636511802673e-01
4.887707531452178955e-02 6.631349772214889526e-02 8.709105104207992554e-02 3.748722374439239502e-02 1.074161231517791748e-01
1.090383306145668030e-01 1.075597405433654785e-01 7.645250856876373291e-02 8.620142936706542969e-02 1.016579493880271912e-01
1.118652671575546265e-01 1.083566620945930481e-01 7.355053722858428955e-02 8.863311260938644409e-02 1.008900701999664307e-01
5.272738635540008545e-02 6.482481211423873901e-02 8.864781260490417480e-02 3.768776357173919678e-02 1.070845946669578552e-01
=================================1.205733865499496460e-01 1.067670583724975586e-01 7.568085193634033203e-02 1.043820381164550781e-01 1.229848861694335938e-01
1.196228861808776855e-01 1.059816777706146240e-01 7.666067779064178467e-02 1.030817627906799316e-01 1.230486556887626648e-01
1.180199161171913147e-01 1.052036583423614502e-01 7.843938469886779785e-02 1.021539121866226196e-01 1.219462305307388306e-01
3.247770667076110840e-02 3.932045027613639832e-02 7.493883371353149414e-02 3.500122949481010437e-02 1.265911161899566650e-01
1.217012405395507812e-01 1.067581921815872192e-01 7.339054346084594727e-02 1.048218607902526855e-01 1.231424137949943542e-01
=================================1.162197142839431763e-01 1.115056425333023071e-01 7.455578446388244629e-02 9.686487913131713867e-02 1.052048355340957642e-01
8.354248851537704468e-02 9.069123864173889160e-02 9.386451542377471924e-02 5.763725936412811279e-02 1.057347282767295837e-01
1.114800497889518738e-01 1.098222807049751282e-01 7.912831008434295654e-02 9.458971023559570312e-02 1.046959161758422852e-01
4.460251331329345703e-02 5.214222520589828491e-02 7.526248693466186523e-02 2.704545855522155762e-02 1.214646622538566589e-01
9.000992029905319214e-02 9.874501824378967285e-02 9.063953161239624023e-02 6.643670052289962769e-02 1.042741239070892334e-01
=================================1.227508857846260071e-01 1.109441220760345459e-01 8.296079933643341064e-02 1.103962734341621399e-01 1.242452636361122131e-01
1.264716088771820068e-01 1.117174997925758362e-01 7.873632013797760010e-02 1.127804666757583618e-01 1.254383474588394165e-01
1.128485202789306641e-01 1.078753247857093811e-01 8.828890323638916016e-02 1.021304577589035034e-01 1.215357109904289246e-01
1.040053665637969971e-01 1.060149520635604858e-01 9.175750613212585449e-02 9.359528124332427979e-02 1.202848255634307861e-01
5.783566832542419434e-02 7.276488840579986572e-02 9.302417933940887451e-02 4.552732408046722412e-02 1.257637888193130493e-01
=================================6.928307563066482544e-02 8.716223388910293579e-02 9.926686435937881470e-02 4.959416389465332031e-02 1.060911566019058228e-01
1.192945912480354309e-01 1.141510829329490662e-01 7.869258522987365723e-02 1.030017286539077759e-01 1.009009927511215210e-01
1.202038973569869995e-01 1.135144531726837158e-01 7.815016806125640869e-02 1.021992713212966919e-01 1.008477658033370972e-01
1.168725341558456421e-01 1.133994013071060181e-01 8.182503283023834229e-02 9.975121915340423584e-02 1.012160331010818481e-01
1.139590814709663391e-01 1.110107451677322388e-01 8.515904843807220459e-02 9.601614624261856079e-02 1.019793897867202759e-01
=================================1.206144839525222778e-01 1.118433848023414612e-01 9.319530427455902100e-02 1.127300560474395752e-01 1.339564621448516846e-01
1.259272843599319458e-01 1.124072521924972534e-01 8.847306668758392334e-02 1.165657937526702881e-01 1.351621598005294800e-01
1.199751645326614380e-01 1.106185391545295715e-01 9.234251827001571655e-02 1.130252704024314880e-01 1.334138065576553345e-01
1.137801557779312134e-01 1.106030642986297607e-01 9.451767802238464355e-02 1.074203476309776306e-01 1.323394030332565308e-01
1.240580752491950989e-01 1.122959479689598083e-01 8.957637101411819458e-02 1.155080422759056091e-01 1.355379819869995117e-01
=================================6.290754675865173340e-02 7.119424641132354736e-02 9.688657522201538086e-02 4.054953530430793762e-02 1.204439029097557068e-01
1.037529930472373962e-01 1.124570146203041077e-01 9.749762713909149170e-02 8.740843832492828369e-02 1.084678471088409424e-01
1.127324178814888000e-01 1.109146401286125183e-01 9.758654236793518066e-02 9.570752084255218506e-02 1.080485582351684570e-01
9.185186773538589478e-02 1.071504279971122742e-01 1.032668948173522949e-01 7.274014502763748169e-02 1.079315394163131714e-01
9.874378889799118042e-02 1.076683402061462402e-01 9.922860562801361084e-02 8.151610195636749268e-02 1.065310835838317871e-01
=================================1.016497611999511719e-01 1.061045303940773010e-01 1.047400236129760742e-01 9.167571365833282471e-02 1.393161118030548096e-01
8.393490314483642578e-02 8.958359062671661377e-02 1.074718087911605835e-01 6.763787567615509033e-02 1.379175335168838501e-01
1.314887404441833496e-01 1.164289712905883789e-01 9.850795567035675049e-02 1.272384822368621826e-01 1.478406935930252075e-01
1.386828273534774780e-01 1.162480935454368591e-01 9.399285912513732910e-02 1.319178491830825806e-01 1.521114110946655273e-01
1.358927935361862183e-01 1.171031072735786438e-01 9.546799957752227783e-02 1.288454532623291016e-01 1.506592035293579102e-01
=================================1.356943994760513306e-01 1.145149394869804382e-01 8.905589580535888672e-02 1.156341433525085449e-01 1.096688210964202881e-01
1.332800537347793579e-01 1.157400384545326233e-01 9.066152572631835938e-02 1.137327402830123901e-01 1.094009056687355042e-01
1.074882447719573975e-01 1.099568009376525879e-01 1.052230000495910645e-01 8.420182019472122192e-02 1.068676412105560303e-01
9.194067120552062988e-02 1.020543724298477173e-01 1.017590314149856567e-01 6.847766786813735962e-02 1.090057343244552612e-01
1.324409842491149902e-01 1.147336363792419434e-01 9.232923388481140137e-02 1.140614375472068787e-01 1.085661649703979492e-01
=================================1.246645748615264893e-01 1.144499331712722778e-01 1.161132156848907471e-01 1.226960569620132446e-01 1.476224213838577271e-01
1.364394277334213257e-01 1.119672134518623352e-01 1.132142394781112671e-01 1.325155943632125854e-01 1.560624390840530396e-01
1.291967481374740601e-01 1.126848459243774414e-01 1.171946004033088684e-01 1.260718256235122681e-01 1.500787734985351562e-01
1.307919472455978394e-01 1.124532073736190796e-01 1.169933900237083435e-01 1.272705495357513428e-01 1.504144221544265747e-01
1.392588168382644653e-01 1.088831871747970581e-01 1.106493398547172546e-01 1.323959827423095703e-01 1.593383550643920898e-01
=================================8.924858272075653076e-02 1.067711189389228821e-01 1.118441149592399597e-01 7.248350977897644043e-02 1.068277806043624878e-01
1.314632594585418701e-01 1.178032010793685913e-01 1.003311350941658020e-01 1.173428893089294434e-01 1.001354753971099854e-01
1.338260173797607422e-01 1.158486381173133850e-01 9.769979119300842285e-02 1.175973862409591675e-01 1.007990539073944092e-01
1.023186445236206055e-01 1.144333705306053162e-01 1.094167754054069519e-01 8.993320167064666748e-02 9.711666405200958252e-02
1.316532194614410400e-01 1.173587962985038757e-01 9.992028027772903442e-02 1.173901557922363281e-01 1.005968973040580750e-01
=================================1.360968500375747681e-01 1.192574277520179749e-01 1.218372806906700134e-01 1.331526488065719604e-01 1.553522944450378418e-01
1.482034325599670410e-01 1.145999059081077576e-01 1.175507232546806335e-01 1.421570032835006714e-01 1.663354635238647461e-01
1.402762681245803833e-01 1.200054585933685303e-01 1.231908127665519714e-01 1.361869126558303833e-01 1.581693440675735474e-01
1.442121416330337524e-01 1.177149862051010132e-01 1.215266212821006775e-01 1.405518651008605957e-01 1.618382185697555542e-01
1.281489431858062744e-01 1.187916174530982971e-01 1.236628666520118713e-01 1.218876391649246216e-01 1.530596464872360229e-01
=================================1.380398422479629517e-01 1.186108142137527466e-01 1.023415625095367432e-01 1.210027635097503662e-01 9.892717003822326660e-02
1.318250596523284912e-01 1.210328638553619385e-01 1.067924872040748596e-01 1.155448108911514282e-01 9.763728827238082886e-02
1.349334567785263062e-01 1.202192679047584534e-01 1.061062142252922058e-01 1.199730038642883301e-01 9.778416156768798828e-02
1.268276572227478027e-01 1.213118955492973328e-01 1.094585284590721130e-01 1.105162501335144043e-01 9.907878190279006958e-02
1.342863589525222778e-01 1.212569028139114380e-01 1.048406288027763367e-01 1.172618716955184937e-01 9.935196489095687866e-02
=================================1.450789272785186768e-01 1.198734343051910400e-01 1.289218217134475708e-01 1.572519242763519287e-01 1.928081065416336060e-01
1.482436805963516235e-01 1.140001714229583740e-01 1.267055869102478027e-01 1.557067483663558960e-01 2.001152783632278442e-01
7.748562097549438477e-02 8.031316101551055908e-02 1.122354418039321899e-01 5.981575697660446167e-02 1.588716804981231689e-01
1.475337743759155273e-01 1.157779917120933533e-01 1.277342736721038818e-01 1.567366272211074829e-01 1.979872435331344604e-01
1.142662018537521362e-01 1.219768449664115906e-01 1.298861652612686157e-01 1.083384007215499878e-01 1.647583097219467163e-01
=================================1.443424671888351440e-01 1.170102581381797791e-01 9.739071130752563477e-02 1.115965843200683594e-01 5.225542187690734863e-02
1.322739422321319580e-01 1.224249005317687988e-01 1.065023392438888550e-01 1.021048128604888916e-01 5.914839357137680054e-02
1.404602229595184326e-01 1.200968921184539795e-01 1.012107133865356445e-01 1.098579019308090210e-01 5.447967350482940674e-02
1.420673280954360962e-01 1.185546442866325378e-01 1.006849408149719238e-01 1.106657683849334717e-01 5.417008697986602783e-02
1.170496866106987000e-01 1.238346621394157410e-01 1.082462221384048462e-01 8.383578062057495117e-02 6.619233638048171997e-02
=================================1.248161867260932922e-01 1.295150220394134521e-01 1.486359536647796631e-01 1.774803698062896729e-01 2.713527381420135498e-01
1.029103845357894897e-01 1.323988288640975952e-01 1.423046737909317017e-01 1.358018219470977783e-01 2.236828655004501343e-01
1.162774786353111267e-01 1.345145553350448608e-01 1.486019194126129150e-01 1.620683670043945312e-01 2.432819157838821411e-01
1.257329285144805908e-01 1.261468082666397095e-01 1.471960395574569702e-01 1.767397820949554443e-01 2.795138657093048096e-01
9.571714699268341064e-02 1.317274719476699829e-01 1.411893814802169800e-01 1.239683181047439575e-01 2.138312608003616333e-01
=================================1.572245061397552490e-01 1.211546212434768677e-01 9.997195750474929810e-02 1.236103847622871399e-01 2.762162126600742340e-02
8.031701296567916870e-02 8.793645352125167847e-02 1.049588546156883240e-01 4.784776270389556885e-02 7.994445413351058960e-02
1.523330211639404297e-01 1.240755766630172729e-01 1.022059917449951172e-01 1.206119507551193237e-01 3.163121268153190613e-02
1.272690594196319580e-01 1.261293888092041016e-01 1.115413531661033630e-01 9.921355545520782471e-02 4.897287860512733459e-02
1.111365556716918945e-01 1.188071295619010925e-01 1.143626645207405090e-01 7.967543601989746094e-02 6.222054362297058105e-02
=================================8.173406869173049927e-02 1.296532750129699707e-01 1.529728919267654419e-01 1.504326909780502319e-01 3.276156485080718994e-01
8.189453184604644775e-02 1.359645277261734009e-01 1.515720039606094360e-01 1.504089236259460449e-01 3.048124909400939941e-01
8.088804781436920166e-02 1.251539289951324463e-01 1.526077687740325928e-01 1.466070413589477539e-01 3.377910256385803223e-01
8.146749436855316162e-02 1.345149576663970947e-01 1.535885035991668701e-01 1.511465013027191162e-01 3.113318681716918945e-01
8.073452860116958618e-02 1.235074251890182495e-01 1.519232839345932007e-01 1.445384472608566284e-01 3.406456708908081055e-01
=================================1.648354232311248779e-01 1.319743245840072632e-01 1.016421988606452942e-01 1.301044523715972900e-01 -2.573603065684437752e-03
1.901292204856872559e-01 1.188057065010070801e-01 8.425097167491912842e-02 1.506180167198181152e-01 -2.609400637447834015e-02
1.866092532873153687e-01 1.229902878403663635e-01 8.765495568513870239e-02 1.472334861755371094e-01 -2.044886909425258636e-02
1.484888494014739990e-01 1.324019283056259155e-01 1.076002269983291626e-01 1.143477782607078552e-01 1.229163724929094315e-02
1.848908364772796631e-01 1.253424435853958130e-01 8.851927518844604492e-02 1.474627256393432617e-01 -1.829527877271175385e-02
=================================1.605392619967460632e-02 1.071939766407012939e-01 1.951911151409149170e-01 5.030225217342376709e-02 3.525811433792114258e-01
1.701823621988296509e-02 1.086441725492477417e-01 1.953921020030975342e-01 5.298776179552078247e-02 3.505174517631530762e-01
1.943542063236236572e-02 1.131284460425376892e-01 1.952777802944183350e-01 5.913060158491134644e-02 3.450726568698883057e-01
2.269287779927253723e-02 1.194521039724349976e-01 1.916866898536682129e-01 6.861193478107452393e-02 3.320897221565246582e-01
2.843564376235008240e-02 1.296676099300384521e-01 1.781120300292968750e-01 7.253202050924301147e-02 2.954008579254150391e-01
=================================1.500040292739868164e-01 1.343608498573303223e-01 6.030628830194473267e-02 2.136811763048171997e-01 4.870298877358436584e-02
1.491742581129074097e-01 1.347234249114990234e-01 6.236895173788070679e-02 2.116801440715789795e-01 4.972001165151596069e-02
1.486580818891525269e-01 1.352857351303100586e-01 6.254201382398605347e-02 2.122121304273605347e-01 4.913399368524551392e-02
1.221555694937705994e-01 1.383197605609893799e-01 8.702228218317031860e-02 1.602645069360733032e-01 5.973969772458076477e-02
1.454922258853912354e-01 1.359608173370361328e-01 6.830080598592758179e-02 2.062494754791259766e-01 5.218546092510223389e-02
=================================1.080548241734504700e-01 9.095166623592376709e-02 2.303129136562347412e-01 -8.901072293519973755e-02 9.986282140016555786e-02
8.874232321977615356e-02 1.096723973751068115e-01 1.745197474956512451e-01 -4.283683001995086670e-02 1.058406382799148560e-01
1.080951094627380371e-01 7.794074714183807373e-02 2.391129136085510254e-01 -1.063173860311508179e-01 9.812436252832412720e-02
1.084084734320640564e-01 7.434856891632080078e-02 2.408484667539596558e-01 -1.104666739702224731e-01 9.709461778402328491e-02
1.082286462187767029e-01 8.196310698986053467e-02 2.354334890842437744e-01 -9.980215132236480713e-02 9.821158647537231445e-02
=================================1.328752487897872925e-01 1.745383292436599731e-01 -3.600508719682693481e-02 3.314385414123535156e-01 2.558728754520416260e-01
1.304403543472290039e-01 1.746037900447845459e-01 -1.992930285632610321e-02 3.212218880653381348e-01 2.459488511085510254e-01
1.329608261585235596e-01 1.749121397733688354e-01 -3.301347047090530396e-02 3.298296034336090088e-01 2.540400028228759766e-01
1.250559538602828979e-01 1.719113439321517944e-01 -5.756318569183349609e-05 3.000198006629943848e-01 2.314229309558868408e-01
1.203251406550407410e-01 1.701975613832473755e-01 1.371921133249998093e-02 2.780463099479675293e-01 2.188942134380340576e-01
=================================5.928587913513183594e-02 2.756352350115776062e-02 2.013959586620330811e-01 -8.046429604291915894e-02 -9.636919014155864716e-03
1.107373312115669250e-01 7.717376202344894409e-02 3.777475059032440186e-01 -2.175494432449340820e-01 -2.136819809675216675e-01
1.181932911276817322e-01 1.700942404568195343e-02 5.141600966453552246e-01 -3.034344017505645752e-01 -3.563297986984252930e-01
1.186918988823890686e-01 2.386628463864326477e-02 5.040602087974548340e-01 -2.965079545974731445e-01 -3.448852002620697021e-01
1.089331433176994324e-01 8.450486510992050171e-02 3.498676717281341553e-01 -1.944057941436767578e-01 -1.796218156814575195e-01
=================================1.852583885192871094e-02 2.230409160256385803e-02 5.620915442705154419e-02 2.135455794632434845e-02 7.412864267826080322e-02
6.324149668216705322e-02 2.304691448807716370e-02 -5.917325615882873535e-03 3.748675435781478882e-02 1.922984421253204346e-02
6.528173387050628662e-02 4.028608649969100952e-02 1.404640637338161469e-02 4.059588909149169922e-02 3.341742977499961853e-02
5.578773468732833862e-02 4.905293881893157959e-02 2.652099728584289551e-02 3.738848492503166199e-02 4.898524284362792969e-02
6.208219006657600403e-02 4.524582251906394958e-02 1.954368315637111664e-02 3.908966481685638428e-02 3.888714313507080078e-02
=================================1.186644732952117920e-01 2.008745670318603516e-01 2.099660038948059082e-01 1.814081966876983643e-01 1.197914704680442810e-01
1.181898042559623718e-01 2.004149556159973145e-01 2.096295058727264404e-01 1.815329343080520630e-01 1.192645132541656494e-01
1.189077496528625488e-01 2.003463059663772583e-01 2.084201723337173462e-01 1.841036975383758545e-01 1.183089092373847961e-01
1.130700036883354187e-01 2.004245519638061523e-01 2.109379768371582031e-01 1.681094616651535034e-01 1.263312995433807373e-01
9.437808394432067871e-02 1.863827258348464966e-01 1.887543350458145142e-01 1.303808987140655518e-01 1.235687881708145142e-01
=================================1.767377108335494995e-01 1.220040246844291687e-01 1.068248450756072998e-01 5.636212229728698730e-02 1.420694589614868164e-01
1.865321993827819824e-01 1.157133951783180237e-01 1.014957576990127563e-01 5.137021467089653015e-02 1.404329687356948853e-01
1.793215721845626831e-01 1.209674701094627380e-01 1.058505401015281677e-01 5.565990507602691650e-02 1.412380039691925049e-01
1.872497051954269409e-01 1.131747961044311523e-01 1.004808247089385986e-01 5.044572427868843079e-02 1.399116069078445435e-01
1.300608068704605103e-01 1.320288479328155518e-01 1.107509732246398926e-01 5.364082753658294678e-02 1.399448215961456299e-01
=================================9.628435224294662476e-02 1.737113893032073975e-01 4.590732231736183167e-02 2.665020823478698730e-01 1.841530054807662964e-01
7.780364900827407837e-02 1.721486449241638184e-01 8.558230102062225342e-02 1.771264821290969849e-01 1.571722477674484253e-01
6.969080865383148193e-02 1.544480770826339722e-01 8.544144034385681152e-02 1.505079865455627441e-01 1.455563157796859741e-01
9.678739309310913086e-02 1.784517914056777954e-01 5.374883860349655151e-02 2.629573345184326172e-01 1.849037110805511475e-01
9.574347734451293945e-02 1.841788887977600098e-01 6.398916989564895630e-02 2.533749938011169434e-01 1.854564398527145386e-01
=================================1.788347959518432617e-01 1.113329306244850159e-01 1.913216114044189453e-01 3.294992819428443909e-02 1.095497608184814453e-01
2.038557529449462891e-01 8.886668086051940918e-02 2.054750174283981323e-01 1.567204296588897705e-02 9.861297905445098877e-02
1.988165676593780518e-01 9.579536318778991699e-02 2.022897005081176758e-01 2.429436706006526947e-02 1.033612191677093506e-01
1.947709619998931885e-01 1.002592369914054871e-01 2.018687129020690918e-01 2.770225703716278076e-02 1.045805960893630981e-01
2.030123770236968994e-01 9.088606387376785278e-02 2.050389647483825684e-01 1.876729354262351990e-02 1.000621244311332703e-01
=================================1.187963038682937622e-01 2.607813775539398193e-01 -1.716372929513454437e-02 3.794589638710021973e-01 2.665438652038574219e-01
6.174500286579132080e-02 8.480108529329299927e-02 5.193061381578445435e-02 1.166652664542198181e-01 1.532303392887115479e-01
1.038202345371246338e-01 2.561306655406951904e-01 1.080388389527797699e-02 3.323019444942474365e-01 2.420600801706314087e-01
1.127073243260383606e-01 2.623318135738372803e-01 -4.722813144326210022e-03 3.612253665924072266e-01 2.564640343189239502e-01
1.257437467575073242e-01 2.483384311199188232e-01 -4.062788188457489014e-02 3.984201550483703613e-01 2.749189436435699463e-01
=================================1.081804931163787842e-01 3.967444971203804016e-02 2.526192665100097656e-01 -3.994483500719070435e-02 -3.471555560827255249e-02
1.004037410020828247e-01 2.760987728834152222e-02 2.652856707572937012e-01 -4.284663498401641846e-02 -7.175028324127197266e-02
1.039845719933509827e-01 2.815198153257369995e-02 2.632001340389251709e-01 -4.255341738462448120e-02 -6.405308097600936890e-02
8.803417533636093140e-02 7.801230251789093018e-02 1.842932552099227905e-01 -5.715588107705116272e-03 4.666984826326370239e-02
1.094402074813842773e-01 3.489158302545547485e-02 2.567916214466094971e-01 -4.185520857572555542e-02 -4.336051642894744873e-02
=================================2.694187760353088379e-01 2.080330699682235718e-01 6.898053735494613647e-02 2.159790247678756714e-01 2.691152393817901611e-01
1.025776118040084839e-01 6.949145346879959106e-02 6.773399561643600464e-02 7.248660922050476074e-02 1.603517681360244751e-01
3.315461277961730957e-01 1.848516315221786499e-01 4.331291839480400085e-02 2.070804238319396973e-01 2.984591722488403320e-01
2.847410440444946289e-01 2.026447951793670654e-01 6.460446119308471680e-02 2.190846502780914307e-01 2.773211300373077393e-01
3.078538179397583008e-01 1.978271305561065674e-01 5.501160025596618652e-02 2.168649137020111084e-01 2.881774008274078369e-01
=================================-1.478494703769683838e-01 1.671502292156219482e-01 6.809823215007781982e-02 1.040246486663818359e-01 -7.649809122085571289e-04
-1.610976308584213257e-01 1.661203205585479736e-01 6.624046713113784790e-02 1.226648539304733276e-01 -2.034291252493858337e-02
-1.608942002058029175e-01 1.663271933794021606e-01 6.690461933612823486e-02 1.226752102375030518e-01 -2.117293700575828552e-02
-1.627858132123947144e-01 1.650145053863525391e-01 6.661537289619445801e-02 1.262403428554534912e-01 -2.475187554955482483e-02
-1.646244376897811890e-01 1.645081639289855957e-01 6.649677455425262451e-02 1.320656985044479370e-01 -3.001132234930992126e-02
=================================4.092237651348114014e-01 3.992579877376556396e-02 1.561027169227600098e-01 1.534694582223892212e-01 1.848650276660919189e-01
3.876382112503051758e-01 5.251762270927429199e-02 1.642072349786758423e-01 1.536171734333038330e-01 1.765711158514022827e-01
4.264433979988098145e-01 1.995997875928878784e-02 1.365106552839279175e-01 1.393931657075881958e-01 1.923275440931320190e-01
2.016776800155639648e-01 6.650831550359725952e-02 1.344183385372161865e-01 9.378318488597869873e-02 1.447077095508575439e-01
4.098379313945770264e-01 4.059941321611404419e-02 1.576609611511230469e-01 1.513688713312149048e-01 1.828808188438415527e-01
=================================-5.173087120056152344e-02 2.985031008720397949e-01 1.833052337169647217e-01 3.905704244971275330e-02 7.259839773178100586e-02
-5.234507471323013306e-02 2.976072430610656738e-01 1.816156953573226929e-01 4.122922569513320923e-02 7.574898004531860352e-02
-5.135191231966018677e-02 2.986957728862762451e-01 1.838789433240890503e-01 3.823086619377136230e-02 6.848810613155364990e-02
-4.879484698176383972e-02 2.985464334487915039e-01 1.848689615726470947e-01 3.590256720781326294e-02 6.134051829576492310e-02
-5.316684395074844360e-02 2.978443503379821777e-01 1.825679540634155273e-01 4.030903801321983337e-02 7.518099248409271240e-02
=================================1.884035468101501465e-01 -3.960082307457923889e-02 -2.046224102377891541e-02 1.607850492000579834e-01 1.909359842538833618e-01
1.620017290115356445e-01 2.331587299704551697e-02 5.561606585979461670e-02 1.528767645359039307e-01 1.508429199457168579e-01
1.870350837707519531e-01 -4.458111897110939026e-02 -2.572985365986824036e-02 1.599326133728027344e-01 1.937558799982070923e-01
1.790751218795776367e-01 -2.825334668159484863e-04 2.975692600011825562e-02 1.602279245853424072e-01 1.574756652116775513e-01
1.758950948715209961e-01 2.668648958206176758e-04 3.416135907173156738e-02 1.593864262104034424e-01 1.579604446887969971e-01
=================================2.755001559853553772e-02 2.583811879158020020e-01 2.376517653465270996e-01 1.450562030076980591e-01 1.388157904148101807e-01
5.187031626701354980e-02 2.211688011884689331e-01 1.634018421173095703e-01 1.019583716988563538e-01 1.632035076618194580e-01
3.316023200750350952e-02 2.646481990814208984e-01 2.371862232685089111e-01 1.502048373222351074e-01 1.489031314849853516e-01
2.430048957467079163e-02 2.552178204059600830e-01 2.366537898778915405e-01 1.419317722320556641e-01 1.350828707218170166e-01
3.345170617103576660e-02 2.637191712856292725e-01 2.379189580678939819e-01 1.495929658412933350e-01 1.478075236082077026e-01
=================================3.051040470600128174e-01 3.176458179950714111e-01 1.465012431144714355e-01 2.288819849491119385e-01 5.754688754677772522e-03
2.929860353469848633e-01 3.099806904792785645e-01 1.524004042148590088e-01 2.172915935516357422e-01 6.982432678341865540e-03
2.981569468975067139e-01 3.138429522514343262e-01 1.489422321319580078e-01 2.235695123672485352e-01 4.866813309490680695e-03
2.838740646839141846e-01 3.052723109722137451e-01 1.572342216968536377e-01 2.121550589799880981e-01 6.062965840101242065e-03
8.720143139362335205e-02 1.105695515871047974e-01 1.125192642211914062e-01 9.084266424179077148e-02 9.296429902315139771e-02
=================================-1.185583136975765228e-02 -3.182469010353088379e-01 7.313716411590576172e-02 -1.229679137468338013e-01 4.719270020723342896e-02
-9.973220527172088623e-03 -3.123197257518768311e-01 7.560180127620697021e-02 -1.201808154582977295e-01 5.119326338171958923e-02
-1.366592384874820709e-02 -3.218518793582916260e-01 7.123544812202453613e-02 -1.240640133619308472e-01 4.428023844957351685e-02
-4.913505166769027710e-03 -2.944796681404113770e-01 7.837906479835510254e-02 -1.119554042816162109e-01 6.179190427064895630e-02
-1.221986673772335052e-02 -3.181150555610656738e-01 7.304109632968902588e-02 -1.231939196586608887e-01 4.721716418862342834e-02
=================================1.207528635859489441e-01 3.944790661334991455e-01 2.986397407948970795e-02 1.656899452209472656e-01 4.861567914485931396e-01
1.374625265598297119e-01 3.730663657188415527e-01 7.789555191993713379e-02 1.943570077419281006e-01 4.177925586700439453e-01
1.230818107724189758e-01 3.992599844932556152e-01 3.371140733361244202e-02 1.739990115165710449e-01 4.839172661304473877e-01
1.196816116571426392e-01 3.898970186710357666e-01 2.735343948006629944e-02 1.593643277883529663e-01 4.872598946094512939e-01
1.365551054477691650e-01 3.498432636260986328e-01 8.740207552909851074e-02 1.868017911911010742e-01 3.957062661647796631e-01
=================================3.262931704521179199e-01 1.294889152050018311e-01 2.787443101406097412e-01 4.344526827335357666e-01 -1.873975992202758789e-01
2.629141509532928467e-01 1.205511987209320068e-01 2.478182017803192139e-01 3.486148416996002197e-01 -1.347208768129348755e-01
3.528815209865570068e-01 1.390596181154251099e-01 2.887254357337951660e-01 4.861645996570587158e-01 -2.183916866779327393e-01
3.529941737651824951e-01 1.394586563110351562e-01 2.886778712272644043e-01 4.859195351600646973e-01 -2.180389314889907837e-01
3.145670890808105469e-01 1.257296800613403320e-01 2.732970118522644043e-01 4.185663461685180664e-01 -1.783639490604400635e-01
=================================-1.467407941818237305e-01 2.572987377643585205e-01 1.443443596363067627e-01 -1.855585351586341858e-02 -4.718754068017005920e-02
-1.636666357517242432e-01 3.401022851467132568e-01 7.683698832988739014e-02 7.065941393375396729e-02 -1.176904290914535522e-01
-1.647359430789947510e-01 2.890445590019226074e-01 1.295434236526489258e-01 -3.973446786403656006e-03 -7.533106207847595215e-02
-1.664735674858093262e-01 3.336781859397888184e-01 8.786857128143310547e-02 5.396795645356178284e-02 -1.119411289691925049e-01
-1.671695709228515625e-01 3.298033773899078369e-01 9.240240603685379028e-02 4.736811667680740356e-02 -1.088455021381378174e-01
=================================4.642928540706634521e-01 -4.927705824375152588e-01 -2.283422276377677917e-02 -2.952557206153869629e-01 4.264287948608398438e-01
4.734821021556854248e-01 -5.207955241203308105e-01 -1.822972670197486877e-02 -3.264295458793640137e-01 4.620137214660644531e-01
3.253276348114013672e-01 -2.540175318717956543e-01 1.317680999636650085e-02 -1.113540083169937134e-01 2.343631088733673096e-01
4.317382276058197021e-01 -4.223883152008056641e-01 -2.111943438649177551e-02 -2.341917008161544800e-01 3.598565161228179932e-01
4.169127047061920166e-01 -3.937596678733825684e-01 -1.877085492014884949e-02 -2.105740755796432495e-01 3.334670364856719971e-01
=================================-6.264959275722503662e-02 3.050591051578521729e-02 2.580940425395965576e-01 -1.942410916090011597e-01 -3.165118023753166199e-02
-6.859775632619857788e-02 3.627327084541320801e-02 2.565203905105590820e-01 -1.980706155300140381e-01 -4.296888783574104309e-02
-3.758968412876129150e-02 1.706734113395214081e-02 2.496100068092346191e-01 -1.640442758798599243e-01 -2.176314592361450195e-04
6.339788436889648438e-02 1.850027218461036682e-02 1.845146268606185913e-01 -7.009286433458328247e-03 7.404945790767669678e-02
-5.411731451749801636e-02 2.388095669448375702e-02 2.568735182285308838e-01 -1.842955648899078369e-01 -1.989442110061645508e-02
=================================4.012489914894104004e-01 2.692150175571441650e-01 -2.701455056667327881e-01 5.612171292304992676e-01 1.655285060405731201e-01
4.007551372051239014e-01 2.667066454887390137e-01 -2.693153917789459229e-01 5.594276189804077148e-01 1.632251590490341187e-01
4.034125208854675293e-01 2.859854102134704590e-01 -2.712932825088500977e-01 5.671802759170532227e-01 1.793596893548965454e-01
4.025402069091796875e-01 2.768991291522979736e-01 -2.704742252826690674e-01 5.660036802291870117e-01 1.706964820623397827e-01
2.255252897739410400e-01 1.842270642518997192e-01 -4.501616209745407104e-02 2.761255204677581787e-01 1.451095789670944214e-01
=================================1.435829102993011475e-01 1.651410758495330811e-01 1.697565317153930664e-01 1.777558922767639160e-01 1.711963117122650146e-01
2.341966927051544189e-01 1.622051149606704712e-01 3.528545498847961426e-01 2.829887270927429199e-01 2.704522609710693359e-01
2.264052629470825195e-01 2.028707563877105713e-01 3.167523145675659180e-01 2.944923043251037598e-01 2.652516663074493408e-01
2.332481741905212402e-01 1.670989394187927246e-01 3.508467078208923340e-01 2.851049304008483887e-01 2.700708806514739990e-01
2.222941815853118896e-01 2.124666422605514526e-01 2.987312674522399902e-01 2.937586307525634766e-01 2.614335715770721436e-01
=================================1.397720873355865479e-01 1.737697571516036987e-01 5.906124785542488098e-02 8.793635666370391846e-02 2.079475373029708862e-01
1.908138096332550049e-01 2.605857849121093750e-01 -1.773045808076858521e-01 4.038874432444572449e-02 4.449580907821655273e-01
1.935440599918365479e-01 2.625035047531127930e-01 -1.690061688423156738e-01 4.024814441800117493e-02 4.435493648052215576e-01
2.080662846565246582e-01 2.641706168651580811e-01 -1.126255691051483154e-01 4.156922921538352966e-02 4.175977408885955811e-01
1.698601245880126953e-01 2.083826363086700439e-01 1.997921243309974670e-02 7.861148566007614136e-02 2.661878764629364014e-01
=================================8.811514079570770264e-02 3.033517003059387207e-01 2.707146108150482178e-01 2.027090638875961304e-01 -2.454692423343658447e-01
1.094983294606208801e-01 1.629064977169036865e-01 2.321618497371673584e-01 1.769187450408935547e-01 -1.547008901834487915e-01
1.156994625926017761e-01 1.449813246726989746e-01 2.269706726074218750e-01 1.701294779777526855e-01 -1.272078156471252441e-01
1.012881621718406677e-01 1.944492757320404053e-01 2.383471131324768066e-01 1.840572357177734375e-01 -1.794835180044174194e-01
9.235978126525878906e-02 3.504139184951782227e-01 3.012014031410217285e-01 2.034652084112167358e-01 -2.728490531444549561e-01
=================================4.096174538135528564e-01 -1.085320413112640381e-01 -1.262604445219039917e-02 8.685187995433807373e-02 2.454716563224792480e-01
4.077061414718627930e-01 -1.055213809013366699e-01 -5.833752453327178955e-03 8.875580132007598877e-02 2.432905733585357666e-01
3.881671726703643799e-01 -5.568697303533554077e-02 4.161515459418296814e-02 9.877394139766693115e-02 2.362357974052429199e-01
4.029086232185363770e-01 -9.271383285522460938e-02 1.343499124050140381e-02 9.289142489433288574e-02 2.375914752483367920e-01
4.087155461311340332e-01 -1.072690784931182861e-01 -9.643055498600006104e-03 8.730328083038330078e-02 2.445387840270996094e-01
=================================-3.493726998567581177e-02 -2.793003618717193604e-02 -7.029415667057037354e-02 2.499396502971649170e-01 1.995118260383605957e-01
-2.763889729976654053e-02 -1.520038768649101257e-02 -5.605424940586090088e-02 2.401599884033203125e-01 2.021658271551132202e-01
-3.458982706069946289e-02 -2.742201834917068481e-02 -6.988085806369781494e-02 2.493311166763305664e-01 1.995900124311447144e-01
-3.853802382946014404e-02 -3.392454236745834351e-02 -7.930193841457366943e-02 2.557434737682342529e-01 1.966894119977951050e-01
-1.796800270676612854e-02 7.265359163284301758e-04 -4.433028399944305420e-02 2.310330569744110107e-01 2.050321102142333984e-01
=================================1.693969964981079102e-01 2.884859442710876465e-01 -6.706193089485168457e-03 3.676043450832366943e-02 1.415253579616546631e-01
2.641677856445312500e-01 3.870306611061096191e-01 -4.211047291755676270e-01 -5.673671513795852661e-02 1.745017915964126587e-01
2.923363447189331055e-01 3.876443207263946533e-01 -3.721970915794372559e-01 -6.074710935354232788e-02 1.508693099021911621e-01
2.738656401634216309e-01 3.933172225952148438e-01 -2.486190348863601685e-01 -4.240606725215911865e-02 1.367933154106140137e-01
2.555643916130065918e-01 3.900703787803649902e-01 -4.261498451232910156e-01 -5.612988024950027466e-02 1.788991689682006836e-01
=================================3.370221257209777832e-01 1.854078918695449829e-01 1.064541697502136230e+00 8.151962608098983765e-02 4.300009459257125854e-02
2.258277684450149536e-01 2.444575577974319458e-01 6.406476497650146484e-01 9.943808615207672119e-02 6.578826904296875000e-02
3.450581431388854980e-01 1.850712299346923828e-01 1.080229997634887695e+00 7.768667489290237427e-02 4.424318298697471619e-02
2.330287843942642212e-01 2.365917861461639404e-01 6.615812182426452637e-01 9.632579982280731201e-02 6.575021892786026001e-02
3.014520406723022461e-01 2.038655132055282593e-01 9.625487923622131348e-01 9.165538847446441650e-02 4.568572714924812317e-02
=================================-5.179531872272491455e-02 2.004510611295700073e-01 -2.598131299018859863e-01 3.038682341575622559e-01 5.129696130752563477e-01
-1.811925023794174194e-01 2.795455455780029297e-01 -4.977708756923675537e-01 3.585892915725708008e-01 8.070222139358520508e-01
-1.688987165689468384e-01 2.525646984577178955e-01 -4.235279262065887451e-01 3.693799376487731934e-01 7.467154264450073242e-01
-1.306602805852890015e-01 2.327715903520584106e-01 -3.705190122127532959e-01 3.550118803977966309e-01 6.706077456474304199e-01
-1.784059554338455200e-01 2.794555425643920898e-01 -5.115774869918823242e-01 3.573393225669860840e-01 8.071088790893554688e-01
=================================9.372637867927551270e-01 3.634106367826461792e-03 3.350550532341003418e-01 2.299849390983581543e-01 -8.691068738698959351e-02
8.967925310134887695e-01 7.875338941812515259e-02 3.324808776378631592e-01 2.388476431369781494e-01 -8.626865595579147339e-02
9.388929009437561035e-01 2.829042263329029083e-02 3.350114822387695312e-01 2.290288805961608887e-01 -8.789800852537155151e-02
9.388956427574157715e-01 1.800037175416946411e-02 3.350841403007507324e-01 2.285256385803222656e-01 -8.767990022897720337e-02
9.385782480239868164e-01 2.643908560276031494e-02 3.339011073112487793e-01 2.286832332611083984e-01 -8.767925947904586792e-02
=================================-3.983470499515533447e-01 3.396318107843399048e-02 2.961156666278839111e-01 -1.421186923980712891e-01 -3.945380076766014099e-02
-3.985653221607208252e-01 3.567915409803390503e-02 2.967147827148437500e-01 -1.429954469203948975e-01 -3.791795298457145691e-02
-3.982669115066528320e-01 3.397683054208755493e-02 2.961610853672027588e-01 -1.419374048709869385e-01 -3.990213945508003235e-02
-3.658671975135803223e-01 2.211118116974830627e-02 2.978237271308898926e-01 -1.320352554321289062e-01 -7.625551521778106689e-02
-3.987666666507720947e-01 3.580366075038909912e-02 2.967839241027832031e-01 -1.428591609001159668e-01 -3.785679116845130920e-02
=================================2.525749206542968750e-01 7.108985185623168945e-01 1.981261670589447021e-01 6.030936837196350098e-01 3.203602731227874756e-01
2.707251906394958496e-01 8.972200155258178711e-01 1.835279017686843872e-01 7.464002370834350586e-01 3.711027503013610840e-01
2.744946479797363281e-01 9.273524880409240723e-01 1.831128448247909546e-01 7.613515853881835938e-01 3.754437565803527832e-01
2.765219807624816895e-01 9.372817873954772949e-01 1.812601089477539062e-01 7.656924128532409668e-01 3.759586811065673828e-01
2.773500084877014160e-01 9.404300451278686523e-01 1.806099861860275269e-01 7.668829560279846191e-01 3.761661350727081299e-01
=================================7.906616479158401489e-02 -3.368008434772491455e-01 9.879340231418609619e-02 2.033925801515579224e-02 1.776083111763000488e-01
8.221410959959030151e-02 -3.350178599357604980e-01 1.055658981204032898e-01 1.576461642980575562e-02 1.791814118623733521e-01
9.336994588375091553e-02 9.095717221498489380e-02 1.767252087593078613e-01 1.091063171625137329e-01 1.643979549407958984e-01
9.558396041393280029e-02 -3.079335987567901611e-01 1.350763738155364990e-01 -1.620553433895111084e-03 1.797636002302169800e-01
8.090023696422576904e-02 -3.359939157962799072e-01 1.031436547636985779e-01 1.753225177526473999e-02 1.786551326513290405e-01
=================================5.152316093444824219e-01 1.784490048885345459e-01 1.940354108810424805e-01 1.659052819013595581e-02 2.235622704029083252e-01
5.122485756874084473e-01 1.930130273103713989e-01 1.893496960401535034e-01 4.114215448498725891e-02 2.165664583444595337e-01
4.795358479022979736e-01 2.201513648033142090e-01 2.037077844142913818e-01 9.050363302230834961e-02 2.143392860889434814e-01
5.045554041862487793e-01 2.048352211713790894e-01 1.953506171703338623e-01 5.994812399148941040e-02 2.128123641014099121e-01
5.121688842773437500e-01 1.933385729789733887e-01 1.896025240421295166e-01 4.208195582032203674e-02 2.158841341733932495e-01
=================================4.761751741170883179e-03 3.378553092479705811e-01 4.228330254554748535e-01 4.225924015045166016e-01 2.583022713661193848e-01
-6.037592887878417969e-03 4.433937370777130127e-01 6.754570007324218750e-01 6.152319312095642090e-01 2.427035868167877197e-01
-6.164342164993286133e-03 4.430467784404754639e-01 6.740266680717468262e-01 6.142783761024475098e-01 2.428109049797058105e-01
-7.836773991584777832e-03 4.412013292312622070e-01 6.652963757514953613e-01 6.045644879341125488e-01 2.436050474643707275e-01
-9.452879428863525391e-03 4.395255446434020996e-01 6.599482297897338867e-01 5.989038944244384766e-01 2.438651919364929199e-01
=================================4.394991397857666016e-01 2.866175174713134766e-01 2.468785047531127930e-01 1.513634324073791504e-01 4.437940716743469238e-01
4.474195241928100586e-01 2.657060623168945312e-01 2.172999978065490723e-01 1.493162065744400024e-01 4.401430785655975342e-01
4.333750009536743164e-01 2.933002114295959473e-01 2.570679783821105957e-01 1.535668671131134033e-01 4.408359527587890625e-01
4.232712686061859131e-01 3.009660840034484863e-01 2.665876448154449463e-01 1.595854461193084717e-01 4.384688436985015869e-01
4.471351504325866699e-01 2.606396675109863281e-01 2.100058197975158691e-01 1.501500457525253296e-01 4.361193180084228516e-01
=================================-2.877714633941650391e-01 2.496989965438842773e-01 2.286311089992523193e-01 3.310872316360473633e-01 4.984009563922882080e-01
-1.410309076309204102e-01 2.271679639816284180e-01 2.766056358814239502e-01 3.286971449851989746e-01 4.104847908020019531e-01
-2.605156302452087402e-01 2.356614768505096436e-01 2.569895684719085693e-01 3.288641870021820068e-01 4.858547151088714600e-01
-2.841561436653137207e-01 2.463562488555908203e-01 2.341908812522888184e-01 3.304007053375244141e-01 4.990454316139221191e-01
-2.853654921054840088e-01 2.474146783351898193e-01 2.326172590255737305e-01 3.304176926612854004e-01 4.992049634456634521e-01
=================================6.859487295150756836e-01 4.545482099056243896e-01 5.239869356155395508e-01 4.047160446643829346e-01 4.755935966968536377e-01
6.808621883392333984e-01 4.547065198421478271e-01 5.268425345420837402e-01 4.035377800464630127e-01 4.689420461654663086e-01
2.975076138973236084e-01 2.881795167922973633e-01 3.147156238555908203e-01 2.879610061645507812e-01 2.778879702091217041e-01
6.841027140617370605e-01 4.550168514251708984e-01 5.249503254890441895e-01 4.041173458099365234e-01 4.732482433319091797e-01
6.840488910675048828e-01 4.550816118717193604e-01 5.259752273559570312e-01 4.038898944854736328e-01 4.727636873722076416e-01
=================================1.285792589187622070e-01 1.846231222152709961e-01 2.463909387588500977e-01 5.756148695945739746e-01 8.129382133483886719e-02
1.148639172315597534e-01 1.985258460044860840e-01 2.824420034885406494e-01 6.827881932258605957e-01 6.885141134262084961e-03
8.366239815950393677e-02 2.361585348844528198e-01 3.712844848632812500e-01 6.815072894096374512e-01 -9.807409346103668213e-02
8.362429589033126831e-02 2.360818088054656982e-01 3.712927699089050293e-01 6.816393733024597168e-01 -9.798911213874816895e-02
1.068787723779678345e-01 2.034364342689514160e-01 2.992484569549560547e-01 6.970261335372924805e-01 -2.154520153999328613e-02
=================================