9.151357226073741913e-03 -7.016927935183048248e-03 -3.515437245368957520e-03 1.867292821407318115e-02 2.055800333619117737e-02
9.151357226073741913e-03 -7.016927935183048248e-03 -3.515437245368957520e-03 1.867292821407318115e-02 2.055800333619117737e-02
1.794659718871116638e-02 -1.038391701877117157e-02 6.037264596670866013e-03 1.938908360898494720e-02 2.848089858889579773e-02
-7.691379636526107788e-03 -1.345814112573862076e-02 -6.092055700719356537e-03 2.332291333004832268e-03 2.438562549650669098e-02
9.155360050499439240e-03 -3.874316066503524780e-02 -7.157522719353437424e-03 4.316949751228094101e-03 1.146919187158346176e-02
=================================-1.044834218919277191e-02 -2.383796125650405884e-02 6.918118800967931747e-03 2.280404046177864075e-02 1.145849004387855530e-02
-1.044834218919277191e-02 -2.383796125650405884e-02 6.918118800967931747e-03 2.280404046177864075e-02 1.145849004387855530e-02
-1.044371258467435837e-02 3.307957667857408524e-03 2.002013614401221275e-03 -4.001806024461984634e-03 2.404419705271720886e-02
-1.044371258467435837e-02 3.307957667857408524e-03 2.002013614401221275e-03 -4.001806024461984634e-03 2.404419705271720886e-02
9.949694387614727020e-03 -3.908796235918998718e-02 -6.855197716504335403e-03 4.004365764558315277e-03 1.084726862609386444e-02
=================================1.066429633647203445e-02 -3.953023254871368408e-02 -6.589604075998067856e-03 3.727566916495561600e-03 1.022658403962850571e-02
1.961150392889976501e-02 -1.136600878089666367e-02 6.714444607496261597e-03 1.849069446325302124e-02 2.722532860934734344e-02
1.044771168380975723e-02 -1.661611907184123993e-02 6.683662533760070801e-03 1.914284192025661469e-02 1.747564785182476044e-02
1.082216389477252960e-02 -8.010812103748321533e-03 -2.823184942826628685e-03 1.777637377381324768e-02 1.931086741387844086e-02
-9.713348932564258575e-03 2.855496248230338097e-03 2.272228244692087173e-03 -4.275490529835224152e-03 2.341546118259429932e-02
=================================1.140789687633514404e-02 -3.988103196024894714e-02 -6.285980809479951859e-03 3.502255538478493690e-03 9.568744339048862457e-03
1.164368167519569397e-02 -8.459245786070823669e-03 -2.457782160490751266e-03 1.741213910281658173e-02 1.864331215620040894e-02
2.089792490005493164e-02 5.415659863501787186e-03 -1.506809983402490616e-02 3.427622606977820396e-03 2.599707804620265961e-02
1.164368167519569397e-02 -8.459245786070823669e-03 -2.457782160490751266e-03 1.741213910281658173e-02 1.864331215620040894e-02
1.140789687633514404e-02 -3.988103196024894714e-02 -6.285980809479951859e-03 3.502255538478493690e-03 9.568744339048862457e-03
=================================2.159690670669078827e-02 5.042706150561571121e-03 -1.482297200709581375e-02 3.270605113357305527e-03 2.534977160394191742e-02
2.159690670669078827e-02 5.042706150561571121e-03 -1.482297200709581375e-02 3.270605113357305527e-03 2.534977160394191742e-02
-8.070101961493492126e-03 -2.531752176582813263e-02 7.902935147285461426e-03 2.171206474304199219e-02 9.485498070716857910e-03
1.284250337630510330e-02 8.999031037092208862e-03 -2.448877319693565369e-02 8.367299102246761322e-03 9.934603236615657806e-03
-8.217844180762767792e-03 2.096984535455703735e-03 2.838530577719211578e-03 -4.691917449235916138e-03 2.208171784877777100e-02
=================================1.281235925853252411e-02 -4.062605276703834534e-02 -5.779106169939041138e-03 3.105964278802275658e-03 8.289528079330921173e-03
2.197485417127609253e-02 -1.273585669696331024e-02 7.671090308576822281e-03 1.746327057480812073e-02 2.524023875594139099e-02
1.319383922964334488e-02 -9.396228939294815063e-03 -1.847343984991312027e-03 1.675278507173061371e-02 1.733778789639472961e-02
2.225222811102867126e-02 4.697090946137905121e-03 -1.458220742642879486e-02 3.107297234237194061e-03 2.474819310009479523e-02
2.225222811102867126e-02 4.697090946137905121e-03 -1.458220742642879486e-02 3.107297234237194061e-03 2.474819310009479523e-02
=================================1.664643920958042145e-02 -2.411266043782234192e-02 1.513732690364122391e-02 1.317387074232101440e-02 3.534335410222411156e-03
1.359297428280115128e-02 -1.869873329997062683e-02 8.122682571411132812e-03 1.759432815015316010e-02 1.509674545377492905e-02
1.349393464624881744e-02 -4.093810170888900757e-02 -5.572376772761344910e-03 2.970528323203325272e-03 7.636550813913345337e-03
2.290903776884078979e-02 4.393759183585643768e-03 -1.438362151384353638e-02 3.006235463544726372e-03 2.411219291388988495e-02
1.349393464624881744e-02 -4.093810170888900757e-02 -5.572376772761344910e-03 2.970528323203325272e-03 7.636550813913345337e-03
=================================2.349214255809783936e-02 4.118280019611120224e-03 -1.418474316596984863e-02 2.898971084505319595e-03 2.351867593824863434e-02
1.729377172887325287e-02 -2.445736154913902283e-02 1.537440065294504166e-02 1.295369490981101990e-02 2.899480517953634262e-03
2.338678576052188873e-02 -1.349025126546621323e-02 8.157565258443355560e-03 1.695943623781204224e-02 2.393223159015178680e-02
2.349214255809783936e-02 4.118280019611120224e-03 -1.418474316596984863e-02 2.898971084505319595e-03 2.351867593824863434e-02
-5.925441160798072815e-03 -2.652481012046337128e-02 8.694001473486423492e-03 2.089921385049819946e-02 7.554663345217704773e-03
=================================-5.242908373475074768e-03 -2.687399275600910187e-02 8.946988731622695923e-03 2.067280746996402740e-02 6.889417767524719238e-03
1.472796779125928879e-02 -4.149501770734786987e-02 -5.148542579263448715e-03 2.713741036131978035e-03 6.381213665008544922e-03
1.530083827674388885e-02 -1.051174290478229523e-02 -1.091563259251415730e-03 1.601880043745040894e-02 1.537255756556987762e-02
1.494761835783720016e-02 -1.954110525548458099e-02 8.718146942555904388e-03 1.699522510170936584e-02 1.391267962753772736e-02
1.530083827674388885e-02 -1.051174290478229523e-02 -1.091563259251415730e-03 1.601880043745040894e-02 1.537255756556987762e-02
=================================2.472102083265781403e-02 -1.407650951296091080e-02 8.593200705945491791e-03 1.653093285858631134e-02 2.259931154549121857e-02
2.466838806867599487e-02 3.676892491057515144e-03 -1.382216718047857285e-02 2.752022119238972664e-03 2.227332629263401031e-02
1.559850107878446579e-02 -1.983756572008132935e-02 8.946232497692108154e-03 1.675039343535900116e-02 1.329851709306240082e-02
-1.940453657880425453e-03 -1.618641242384910583e-02 -4.007549025118350983e-03 1.096152234822511673e-03 1.881348527967929840e-02
-4.598449915647506714e-03 -2.711449936032295227e-02 9.135528467595577240e-03 2.048591151833534241e-02 6.227493751794099808e-03
=================================1.589277014136314392e-02 -4.183338582515716553e-02 -4.803408868610858917e-03 2.584546105936169624e-03 5.103495903313159943e-03
1.665818318724632263e-02 7.284170482307672501e-03 -2.323003672063350677e-02 7.637142669409513474e-03 6.076344288885593414e-03
1.589277014136314392e-02 -4.183338582515716553e-02 -4.803408868610858917e-03 2.584546105936169624e-03 5.103495903313159943e-03
2.534154616296291351e-02 -1.429816149175167084e-02 8.803873322904109955e-03 1.639315113425254822e-02 2.193631976842880249e-02
1.589277014136314392e-02 -4.183338582515716553e-02 -4.803408868610858917e-03 2.584546105936169624e-03 5.103495903313159943e-03
=================================-8.817618945613503456e-04 -1.653555221855640411e-02 -3.676498075947165489e-03 1.092924503609538078e-03 1.760875247418880463e-02
1.718852296471595764e-02 -1.126125082373619080e-02 -5.062585696578025818e-04 1.556058228015899658e-02 1.342886406928300858e-02
1.645130105316638947e-02 -4.204897210001945496e-02 -4.652716685086488724e-03 2.545521361753344536e-03 4.504429176449775696e-03
-8.817618945613503456e-04 -1.653555221855640411e-02 -3.676498075947165489e-03 1.092924503609538078e-03 1.760875247418880463e-02
1.718852296471595764e-02 -1.126125082373619080e-02 -5.062585696578025818e-04 1.556058228015899658e-02 1.342886406928300858e-02
=================================2.624801732599735260e-02 3.167812246829271317e-03 -1.339856069535017014e-02 2.734207082539796829e-03 2.047277614474296570e-02
-4.056929610669612885e-04 -1.666216738522052765e-02 -3.576038405299186707e-03 1.108917756937444210e-03 1.701397076249122620e-02
-3.286136547103524208e-03 9.326461440650746226e-05 4.341543652117252350e-03 -5.453403573483228683e-03 1.701441593468189240e-02
-3.286136547103524208e-03 9.326461440650746226e-05 4.341543652117252350e-03 -5.453403573483228683e-03 1.701441593468189240e-02
1.696040667593479156e-02 -4.218740016222000122e-02 -4.552917554974555969e-03 2.527632983401417732e-03 3.890909720212221146e-03
=================================2.702664770185947418e-02 -1.493682526051998138e-02 9.234266355633735657e-03 1.604580879211425781e-02 2.005632221698760986e-02
2.671258151531219482e-02 3.047399921342730522e-03 -1.327401772141456604e-02 2.733101369813084602e-03 1.990361511707305908e-02
4.700776844401843846e-05 -1.677079871296882629e-02 -3.447147784754633904e-03 1.118984539061784744e-03 1.644197665154933929e-02
-2.307622926309704781e-03 -2.798026613891124725e-02 9.787029586732387543e-03 2.002620138227939606e-02 3.695106832310557365e-03
1.790056750178337097e-02 -2.089923806488513947e-02 9.725218638777732849e-03 1.609230041503906250e-02 1.093541737645864487e-02
=================================4.523993120528757572e-04 -1.685906387865543365e-02 -3.421447705477476120e-03 1.151325530372560024e-03 1.586207747459411621e-02
1.873314566910266876e-02 -1.177474949508905411e-02 -2.151585067622363567e-04 1.527329627424478531e-02 1.155043113976716995e-02
-2.351044444367289543e-03 -1.410718541592359543e-04 4.491894971579313278e-03 -5.472154822200536728e-03 1.581840217113494873e-02
2.748897671699523926e-02 -1.507885009050369263e-02 9.250703267753124237e-03 1.596902124583721161e-02 1.942385919392108917e-02
1.835353486239910126e-02 -2.108344994485378265e-02 9.760967455804347992e-03 1.597941480576992035e-02 1.033763401210308075e-02
=================================1.918702945113182068e-02 -1.189365889877080917e-02 -1.609535247553139925e-04 1.524174120277166367e-02 1.091767754405736923e-02
2.175635285675525665e-02 -2.606702782213687897e-02 1.649957150220870972e-02 1.212921459227800369e-02 -2.240747213363647461e-03
1.909522339701652527e-02 6.542760413140058517e-03 -2.276687510311603546e-02 7.594891358166933060e-03 3.035982139408588409e-03
1.879640668630599976e-02 -2.123852632939815521e-02 9.830621071159839630e-03 1.591257750988006592e-02 9.731072001159191132e-03
2.794024907052516937e-02 -1.519506983458995819e-02 9.300019592046737671e-03 1.593558304011821747e-02 1.878778822720050812e-02
=================================2.216314710676670074e-02 -2.621061354875564575e-02 1.649443991482257843e-02 1.208767294883728027e-02 -2.808573422953486443e-03
2.835327945649623871e-02 -1.534899417310953140e-02 9.290643967688083649e-03 1.587489619851112366e-02 1.821834221482276917e-02
1.868578419089317322e-02 -4.258481413125991821e-02 -4.359253682196140289e-03 2.555227139964699745e-03 1.563255209475755692e-03
-1.518763368949294090e-03 -3.450036165304481983e-04 4.542392678558826447e-03 -5.414913408458232880e-03 1.466486323624849319e-02
2.216314710676670074e-02 -2.621061354875564575e-02 1.649443991482257843e-02 1.208767294883728027e-02 -2.808573422953486443e-03
=================================1.562310033477842808e-03 -1.706752553582191467e-02 -3.354311920702457428e-03 1.297174138016998768e-03 1.426225155591964722e-02
1.959442719817161560e-02 -2.152490057051181793e-02 9.842120110988616943e-03 1.573202200233936310e-02 8.676983416080474854e-03
2.875580638647079468e-02 -1.541401538997888565e-02 9.281991980969905853e-03 1.581960171461105347e-02 1.767038926482200623e-02
1.906220987439155579e-02 -4.261720180511474609e-02 -4.360482096672058105e-03 2.569438423961400986e-03 1.043044961988925934e-03
2.875580638647079468e-02 -1.541401538997888565e-02 9.281991980969905853e-03 1.581960171461105347e-02 1.767038926482200623e-02
=================================-4.851051926380023360e-05 -2.858981117606163025e-02 9.883276186883449554e-03 1.989185065031051636e-02 6.758849485777318478e-04
2.929627150297164917e-02 -1.554547436535358429e-02 9.314599446952342987e-03 1.588566042482852936e-02 1.702348887920379639e-02
2.023864537477493286e-03 -1.714905537664890289e-02 -3.311386564746499062e-03 1.442136708647012711e-03 1.367058977484703064e-02
2.929627150297164917e-02 -1.554547436535358429e-02 9.314599446952342987e-03 1.588566042482852936e-02 1.702348887920379639e-02
-6.275574560277163982e-04 -4.881802888121455908e-04 4.581262357532978058e-03 -5.272088106721639633e-03 1.352216769009828568e-02
=================================2.055120468139648438e-02 -2.181155234575271606e-02 9.905123151838779449e-03 1.576374843716621399e-02 7.481758482754230499e-03
1.993905007839202881e-02 -4.276083409786224365e-02 -4.309228155761957169e-03 2.767933532595634460e-03 -1.270618377020582557e-04
2.349252440035343170e-02 -2.647078223526477814e-02 1.653776504099369049e-02 1.216400600969791412e-02 -4.589787684381008148e-03
2.970870956778526306e-02 -1.563420332968235016e-02 9.322112426161766052e-03 1.590184867382049561e-02 1.642758585512638092e-02
2.096523344516754150e-02 -1.234315522015094757e-02 -1.192774798255413771e-04 1.521543599665164948e-02 8.568755351006984711e-03
=================================2.723662182688713074e-03 -1.721796952188014984e-02 -3.219038015231490135e-03 1.655286294408142567e-03 1.261822134256362915e-02
3.009799867868423462e-02 -1.568455807864665985e-02 9.388381615281105042e-03 1.593787968158721924e-02 1.587112806737422943e-02
1.389019598718732595e-04 -5.823860992677509785e-04 4.664787556976079941e-03 -5.098759196698665619e-03 1.242285035550594330e-02
7.501392974518239498e-04 -2.872868254780769348e-02 9.962430223822593689e-03 1.995288021862506866e-02 -4.723731544800102711e-04
2.387467026710510254e-02 -2.651477418839931488e-02 1.660599000751972198e-02 1.221494283527135849e-02 -5.143783520907163620e-03
=================================2.979380823671817780e-02 2.512902487069368362e-03 -1.305824704468250275e-02 3.294318914413452148e-03 1.558278594166040421e-02
2.423470094799995422e-02 -2.656362392008304596e-02 1.660995371639728546e-02 1.222890336066484451e-02 -5.679409019649028778e-03
4.887555842287838459e-04 -6.181614007800817490e-04 4.674077499657869339e-03 -5.039772950112819672e-03 1.191150117665529251e-02
1.115776598453521729e-03 -2.878358215093612671e-02 9.964791126549243927e-03 1.995508931577205658e-02 -1.009551458992063999e-03
3.046355955302715302e-02 -1.574014872312545776e-02 9.387653321027755737e-03 1.593579165637493134e-02 1.533202361315488815e-02
=================================3.008576296269893646e-02 2.457586117088794708e-03 -1.304912287741899490e-02 3.375357016921043396e-03 1.514514349400997162e-02
3.008576296269893646e-02 2.457586117088794708e-03 -1.304912287741899490e-02 3.375357016921043396e-03 1.514514349400997162e-02
2.161325886845588684e-02 -2.207067981362342834e-02 9.996525011956691742e-03 1.572920195758342743e-02 5.974061787128448486e-03
7.996769272722303867e-04 -6.772244814783334732e-04 4.679469391703605652e-03 -4.976453259587287903e-03 1.145716011524200439e-02
2.455289661884307861e-02 -2.663710527122020721e-02 1.660992950201034546e-02 1.225122902542352676e-02 -6.155477371066808701e-03
=================================